100	5
25	700
10
30
10
10
10
20
20
20
10
10
10
20
30
10
40
40
20
20
10
10
20
20
10
10
40
10
10
20
10
10
20
30
40
20
10
10
20
30
20
10
10
20
10
10
10
30
10
10
10
10
10
10
20
40
10
30
40
30
10
20
10
20
50
10
10
10
10
10
10
30
20
10
10
50
20
10
10
20
10
10
30
20
10
20
30
10
20
30
10
10
10
20
40
10
30
10
30
20
10
20
40	50	0	3390	0	0
52	75	311	471	90	1
45	70	213	373	90	1
62	69	1167	1327	90	1
60	66	1261	1421	90	3
42	65	25	185	90	3
16	42	497	657	90	1
58	70	1073	1233	90	1
34	60	2887	3047	90	3
28	70	2601	2761	90	3
35	66	2791	2951	90	1
35	69	2698	2858	90	2
25	85	2119	2279	90	1
22	75	2405	2565	90	1
22	85	2026	2186	90	1
20	80	2216	2376	90	2
20	85	1934	2094	90	1
18	75	2311	2471	90	2
15	75	1742	1902	90	2
15	80	1837	1997	90	3
30	50	10	170	90	3
30	56	2983	3143	90	3
28	52	22	182	90	1
14	66	1643	1803	90	1
25	50	116	276	90	1
22	66	2504	2664	90	1
8	62	1545	1705	90	3
23	52	209	369	90	2
4	55	1447	1607	90	2
20	50	398	558	90	2
20	55	303	463	90	2
10	35	781	941	90	1
10	40	593	753	90	3
8	40	685	845	90	1
8	45	1346	1506	90	1
5	35	876	1036	90	1
5	45	1253	1413	90	1
2	40	971	1131	90	2
0	40	1063	1223	90	3
0	45	1158	1318	90	3
36	18	1819	1979	90	3
35	32	2758	2918	90	1
33	32	2666	2826	90	1
33	35	2573	2733	90	3
32	20	1913	2073	90	2
30	30	2105	2265	90	2
34	25	2009	2169	90	1
30	35	2480	2640	90	2
36	40	2856	3016	90	3
48	20	967	1127	90	3
26	32	2292	2452	90	1
25	30	2200	2360	90	3
25	35	2385	2545	90	2
44	5	1256	1416	90	3
42	10	1160	1320	90	1
42	15	1065	1225	90	1
40	5	1350	1510	90	1
38	15	1725	1885	90	1
38	5	1442	1602	90	3
38	10	1630	1790	90	3
35	5	1535	1695	90	1
50	30	401	561	90	3
50	35	120	280	90	3
50	40	25	185	90	1
48	30	493	653	90	2
44	25	871	1031	90	1
47	35	588	748	90	1
47	40	12	172	90	1
42	30	776	936	90	3
45	35	680	840	90	1
95	30	2321	2481	90	1
95	35	2226	2386	90	2
53	30	308	468	90	3
92	30	2414	2574	90	1
53	35	213	373	90	3
45	65	118	278	90	1
90	35	2131	2291	90	2
72	45	2900	3060	90	1
78	40	2802	2962	90	2
87	30	2608	2768	90	2
85	25	2513	2673	90	2
85	35	2703	2863	90	2
75	55	1925	2085	90	3
72	55	1832	1992	90	2
70	58	1641	1801	90	1
86	46	2029	2189	90	2
66	55	1736	1896	90	2
64	46	3097	3257	90	1
65	60	1546	1706	90	3
56	64	1355	1515	90	2
60	55	3119	3279	90	2
60	60	1451	1611	90	1
67	85	694	854	90	2
42	58	8	168	90	2
65	82	788	948	90	1
62	80	881	1041	90	2
62	40	3001	3161	90	2
60	85	597	757	90	2
58	75	978	1138	90	2
55	80	407	567	90	1
55	85	502	662	90	2
28	19	0	3390	45	4
58	28	0	3390	45	4
90	64	0	3390	45	4
67	62	0	3390	45	4
2	29	0	3390	45	4
0	0	0	0	0	
0	0	0	0	0	
0	0	0	0	0	
0	0	0	1	0	
0	0	0	1	0	
0	0	0	0	0	
0	0	0	0	0	
0	0	0	1	0	
0	0	0	1	0	
0	0	0	0	0	
0	0	0	1	0	
0	0	0	0	0	
0	0	0	0	0	
0	0	0	0	0	
0	0	0	1	0	
0	0	0	0	0	
0	0	0	0	1	
0	0	0	0	1	
0	0	0	0	1	
1	0	0	0	0	
1	0	0	0	0	
0	0	0	0	0	
0	0	0	0	0	
0	0	0	0	0	
0	0	0	0	0	
0	0	0	0	1	
0	0	0	0	1	
0	0	0	0	1	
0	0	0	0	1	
0	0	0	0	1	
0	0	0	0	0	
0	0	0	0	1	
0	0	0	0	0	
0	0	0	0	0	
0	0	0	0	0	
0	0	0	0	0	
0	0	0	0	1	
0	0	0	0	1	
0	0	0	0	1	
1	0	0	0	0	
0	0	0	0	0	
0	0	0	0	0	
1	0	0	0	0	
1	0	0	0	0	
1	0	0	0	0	
0	0	0	0	0	
1	0	0	0	0	
1	0	0	0	0	
0	1	0	0	0	
0	0	0	0	0	
1	0	0	0	0	
1	0	0	0	0	
1	0	0	0	0	
0	0	0	0	0	
0	0	0	0	0	
0	0	0	0	0	
0	0	0	0	0	
1	0	0	0	0	
1	0	0	0	0	
0	0	0	0	0	
0	1	0	0	0	
0	1	0	0	0	
0	0	0	0	0	
0	1	0	0	0	
0	0	0	0	0	
0	0	0	0	0	
0	0	0	0	0	
0	1	0	0	0	
0	0	0	0	0	
0	0	0	0	0	
0	0	1	0	0	
0	1	0	0	0	
0	0	0	0	0	
0	1	0	0	0	
0	0	0	0	0	
0	0	1	0	0	
0	0	0	0	0	
0	1	0	0	0	
0	1	0	0	0	
0	1	0	0	0	
0	1	0	0	0	
0	0	0	1	0	
0	0	0	1	0	
0	0	0	0	0	
0	0	1	0	0	
0	0	0	1	0	
0	0	0	0	0	
0	0	0	1	0	
0	0	0	1	0	
0	0	0	1	0	
0	0	0	0	0	
0	0	0	1	0	
0	0	0	1	0	
0	0	0	0	0	
0	0	0	1	0	
0	1	0	0	0	
0	0	0	1	0	
0	0	0	1	0	
0	0	0	0	0	
0	0	0	1	0	
