100	5
25	700
10
30
10
10
10
20
20
20
10
10
10
20
30
10
40
40
20
20
10
10
20
20
10
10
40
10
10
20
10
10
20
30
40
20
10
10
20
30
20
10
10
20
10
10
10
30
10
10
10
10
10
10
20
40
10
30
40
30
10
20
10
20
50
10
10
10
10
10
10
30
20
10
10
50
20
10
10
20
10
10
30
20
10
20
30
10
20
30
10
10
10
20
40
10
30
10
30
20
10
20
40	50	0	3390	0	0
52	75	0	3272	90	1
45	70	0	3279	90	2
62	69	0	3270	90	1
60	66	1261	1421	90	3
42	65	0	3284	90	3
16	42	497	657	90	1
58	70	0	3273	90	1
34	60	2887	3047	90	2
28	70	2601	2761	90	1
35	66	2791	2951	90	3
35	69	2698	2858	90	1
25	85	0	3261	90	3
22	75	2405	2565	90	2
22	85	0	3260	90	2
20	80	2216	2376	90	1
20	85	0	3259	90	3
18	75	2311	2471	90	2
15	75	0	3264	90	2
15	80	0	3260	90	1
30	50	0	3290	90	3
30	56	0	3288	90	2
28	52	22	182	90	1
14	66	1643	1803	90	1
25	50	0	3285	90	2
22	66	2504	2664	90	3
8	62	0	3265	90	1
23	52	209	369	90	1
4	55	0	3263	90	1
20	50	0	3280	90	1
20	55	303	463	90	2
10	35	0	3266	90	1
10	40	0	3268	90	2
8	40	685	845	90	3
8	45	0	3267	90	2
5	35	876	1036	90	1
5	45	1253	1413	90	3
2	40	0	3260	90	1
0	40	1063	1223	90	1
0	45	1158	1318	90	1
36	18	1819	1979	90	2
35	32	2758	2918	90	1
33	32	2666	2826	90	3
33	35	0	3283	90	3
32	20	1913	2073	90	1
30	30	2105	2265	90	1
34	25	0	3274	90	2
30	35	0	3281	90	1
36	40	0	3289	90	3
48	20	967	1127	90	3
26	32	0	3277	90	3
25	30	0	3275	90	3
25	35	0	3278	90	3
44	5	1256	1416	90	1
42	10	0	3259	90	1
42	15	1065	1225	90	3
40	5	1350	1510	90	2
38	15	0	3264	90	2
38	5	1442	1602	90	3
38	10	0	3259	90	2
35	5	0	3254	90	2
50	30	0	3277	90	3
50	35	120	280	90	3
50	40	0	3285	90	3
48	30	493	653	90	1
44	25	871	1031	90	1
47	35	588	748	90	2
47	40	12	172	90	1
42	30	776	936	90	1
45	35	680	840	90	3
95	30	2321	2481	90	2
95	35	0	3242	90	1
53	30	0	3276	90	1
92	30	0	3244	90	1
53	35	213	373	90	2
45	65	0	3284	90	3
90	35	2131	2291	90	3
72	45	2900	3060	90	3
78	40	2802	2962	90	1
87	30	2608	2768	90	3
85	25	2513	2673	90	3
85	35	0	3252	90	1
75	55	0	3264	90	2
72	55	0	3267	90	3
70	58	1641	1801	90	3
86	46	0	3253	90	2
66	55	0	3273	90	3
64	46	3097	3257	90	1
65	60	1546	1706	90	3
56	64	0	3278	90	3
60	55	0	3279	90	3
60	60	0	3277	90	2
67	85	694	854	90	2
42	58	8	168	90	3
65	82	0	3259	90	2
62	80	0	3262	90	1
62	40	0	3275	90	1
60	85	0	3259	90	1
58	75	0	3269	90	2
55	80	407	567	90	3
55	85	502	662	90	3
63	83	0	3390	45	4
65	14	0	3390	45	4
65	16	0	3390	45	4
21	30	0	3390	45	4
18	50	0	3390	45	4
0	0	0	0	0	
1	0	0	0	0	
0	0	0	0	0	
1	0	0	0	0	
1	0	0	0	0	
0	0	0	0	0	
0	0	0	0	0	
0	0	0	0	1	
0	0	0	0	0	
0	0	0	0	1	
0	0	0	0	0	
0	0	0	0	1	
0	0	0	0	1	
0	0	0	0	1	
0	0	0	0	0	
0	0	0	0	1	
0	0	0	0	1	
0	0	0	0	1	
0	0	0	0	0	
0	0	0	0	1	
0	0	0	0	1	
0	0	0	0	0	
0	0	0	0	0	
0	0	0	0	1	
0	0	0	0	1	
0	0	0	0	0	
0	0	0	0	0	
0	0	0	0	0	
0	0	0	0	0	
0	0	0	0	1	
0	0	0	0	0	
0	0	0	0	1	
0	0	0	0	1	
0	0	0	0	1	
0	0	0	0	0	
0	0	0	0	1	
0	0	0	0	0	
0	0	0	0	0	
0	0	0	0	0	
0	0	0	1	0	
0	0	0	0	0	
0	0	0	1	0	
0	0	0	1	0	
0	0	0	0	0	
0	0	0	0	0	
0	0	0	1	0	
0	0	0	0	0	
0	0	0	1	0	
0	0	1	0	0	
0	0	0	1	0	
0	0	0	1	0	
0	0	0	1	0	
0	0	0	0	0	
0	0	0	0	0	
0	1	0	0	0	
0	1	0	0	0	
0	0	0	1	0	
0	1	0	0	0	
0	0	0	1	0	
0	0	0	1	0	
0	0	1	0	0	
0	0	1	0	0	
0	0	1	0	0	
0	0	0	0	0	
0	0	0	0	0	
0	0	1	0	0	
0	0	0	0	0	
0	0	0	0	0	
0	0	0	1	0	
0	0	1	0	0	
0	0	0	0	0	
0	0	0	0	0	
0	0	0	0	0	
0	0	1	0	0	
1	0	0	0	0	
0	0	1	0	0	
0	0	1	0	0	
0	0	0	0	0	
0	0	1	0	0	
0	0	1	0	0	
0	0	0	0	0	
1	0	0	0	0	
1	0	0	0	0	
1	0	0	0	0	
0	0	1	0	0	
1	0	0	0	0	
0	0	0	0	0	
1	0	0	0	0	
1	0	0	0	0	
1	0	0	0	0	
1	0	0	0	0	
1	0	0	0	0	
0	0	0	0	1	
1	0	0	0	0	
0	0	0	0	0	
0	0	0	0	0	
0	0	0	0	0	
1	0	0	0	0	
1	0	0	0	0	
1	0	0	0	0	
