100 5
25 700
10
30
10
10
10
20
20
20
10
10
10
20
30
10
40
40
20
20
10
10
20
20
10
10
40
10
10
20
10
10
20
30
40
20
10
10
20
30
20
10
10
20
10
10
10
30
10
10
10
10
10
10
20
40
10
30
40
30
10
20
10
20
50
10
10
10
10
10
10
30
20
10
10
50
20
10
10
20
10
10
30
20
10
20
30
10
20
30
10
10
10
20
40
10
30
10
30
20
10
20
40 50 0 3390 0 0
52 75 213 568 90 1
45 70 22 563 90 2
62 69 1030 1463 90 3
60 66 1154 1527 90 1
42 65 15 402 90 1
16 42 331 822 90 1
58 70 965 1340 90 2
34 60 2653 3280 90 1
28 70 2385 2976 90 1
35 66 2628 3113 90 1
35 69 2603 2952 90 1
25 85 1985 2412 90 2
22 75 2310 2659 90 1
22 85 1846 2365 90 2
20 80 2077 2514 90 3
20 85 1763 2264 90 3
18 75 2143 2638 90 2
15 75 1560 2083 90 3
15 80 1689 2144 90 1
30 50 10 645 90 2
30 56 2675 3288 90 2
28 52 12 505 90 3
14 66 1519 1926 90 1
25 50 23 368 90 3
22 66 2380 2787 90 1
8 62 1330 1919 90 1
23 52 93 484 90 3
4 55 1268 1785 90 3
20 50 168 787 90 2
20 55 170 595 90 3
10 35 585 1136 90 1
10 40 448 897 90 1
8 40 499 1030 90 1
8 45 1190 1661 90 3
5 35 666 1245 90 3
5 45 1076 1589 90 2
2 40 772 1329 90 3
0 40 890 1395 90 1
0 45 1036 1439 90 3
36 18 1612 2185 90 2
35 32 2599 3076 90 1
33 32 2529 2962 90 3
33 35 2463 2842 90 1
32 20 1745 2240 90 1
30 30 1932 2437 90 2
34 25 1884 2293 90 2
30 35 2348 2771 90 2
36 40 2715 3156 90 2
48 20 812 1281 90 1
26 32 2018 2725 90 3
25 30 2015 2544 90 1
25 35 2201 2728 90 1
44 5 1078 1593 90 3
42 10 998 1481 90 2
42 15 897 1392 90 3
40 5 1199 1660 90 1
38 15 1552 2057 90 1
38 5 1263 1780 90 2
38 10 1498 1921 90 3
35 5 1325 1904 90 2
50 30 223 738 90 3
50 35 18 474 90 3
50 40 14 360 90 1
48 30 246 899 90 2
44 25 704 1197 90 3
47 35 393 942 90 1
47 40 12 424 90 3
42 30 641 1070 90 2
45 35 534 985 90 1
95 30 2119 2682 90 1
95 35 2079 2532 90 1
53 30 131 644 90 1
92 30 2169 2818 90 1
53 35 87 498 90 1
45 65 15 607 90 3
90 35 2002 2419 90 2
72 45 2701 3258 90 3
78 40 2599 3164 90 1
87 30 2505 2870 90 3
85 25 2369 2816 90 3
85 35 2563 3002 90 3
75 55 1783 2226 90 3
72 55 1591 2232 90 3
70 58 1513 1928 90 1
86 46 1829 2388 90 1
66 55 1604 2027 90 1
64 46 2976 3275 90 3
65 60 1338 1913 90 1
56 64 1116 1753 90 3
60 55 2789 3279 90 2
60 60 1349 1712 90 3
67 85 518 1029 90 2
42 58 8 509 90 1
65 82 549 1186 90 3
62 80 744 1177 90 3
62 40 2713 3275 90 2
60 85 397 956 90 2
58 75 839 1276 90 3
55 80 272 701 90 1
55 85 373 790 90 2
81 84 0 3390 45 4
86 57 0 3390 45 4
9 6 0 3390 45 4
72 18 0 3390 45 4
21 5 0 3390 45 4
0 0 0 0 0
1 0 0 0 0
1 0 0 0 0
0 0 0 0 0
0 0 0 0 0
0 0 0 0 0
1 0 0 0 0
0 0 0 0 0
0 0 0 0 0
0 0 0 0 0
0 0 0 0 0
1 0 0 0 0
0 0 0 0 0
1 0 0 0 0
1 0 0 0 0
1 0 0 0 0
1 0 0 0 0
1 0 0 0 0
0 0 0 0 0
0 0 0 0 1
0 0 0 0 1
0 0 0 0 1
0 0 0 0 0
0 0 0 0 1
0 0 0 0 0
0 0 0 0 0
0 0 0 0 1
0 0 1 0 0
0 0 0 0 1
0 0 0 0 1
0 0 0 0 0
0 0 0 0 0
0 0 0 0 0
0 0 1 0 0
0 0 1 0 0
0 0 1 0 0
0 0 1 0 0
0 0 0 0 0
0 0 1 0 0
0 0 0 0 1
0 0 0 0 0
0 0 0 0 1
0 0 0 0 0
0 0 0 0 0
0 0 0 0 1
0 0 0 0 1
0 0 0 0 1
0 0 0 0 1
0 0 0 0 0
0 0 0 0 1
0 0 0 0 0
0 0 0 0 0
0 0 0 0 1
0 0 0 0 1
0 0 0 0 1
0 0 0 0 0
0 0 0 0 0
0 0 0 0 1
0 0 0 0 1
0 0 0 0 1
0 0 0 1 0
0 0 0 1 0
0 0 0 0 0
0 0 0 1 0
0 0 0 1 0
0 0 0 0 0
0 0 0 1 0
0 0 0 1 0
0 0 0 0 0
0 0 0 0 0
0 0 0 0 0
0 0 0 0 0
0 0 0 0 0
0 0 0 0 0
1 0 0 0 0
0 1 0 0 0
0 1 0 0 0
0 0 0 0 0
0 0 0 1 0
0 0 0 1 0
0 0 0 1 0
0 1 0 0 0
0 1 0 0 0
0 0 0 0 0
0 0 0 0 0
0 0 0 0 0
0 1 0 0 0
0 0 0 0 0
0 1 0 0 0
0 1 0 0 0
0 1 0 0 0
1 0 0 0 0
0 0 0 0 0
1 0 0 0 0
1 0 0 0 0
0 0 0 1 0
1 0 0 0 0
1 0 0 0 0
0 0 0 0 0
1 0 0 0 0
