100 5
25 700
10
30
10
10
10
20
20
20
10
10
10
20
30
10
40
40
20
20
10
10
20
20
10
10
40
10
10
20
10
10
20
30
40
20
10
10
20
30
20
10
10
20
10
10
10
30
10
10
10
10
10
10
20
40
10
30
40
30
10
20
10
20
50
10
10
10
10
10
10
30
20
10
10
50
20
10
10
20
10
10
30
20
10
20
30
10
20
30
10
10
10
20
40
10
30
10
30
20
10
20
40 50 0 3390 0 0
52 75 302 479 90 2
45 70 157 428 90 2
62 69 1138 1355 90 1
60 66 1247 1434 90 2
42 65 15 208 90 3
16 42 209 944 90 1
58 70 1059 1246 90 2
34 60 2035 3288 90 3
28 70 2090 3271 90 3
35 66 2311 3283 90 2
35 69 2428 3127 90 3
25 85 1772 2625 90 1
22 75 2135 2834 90 3
22 85 1586 2625 90 3
20 80 1858 2733 90 3
20 85 1512 2515 90 2
18 75 1895 2886 90 3
15 75 1299 2344 90 1
15 80 1461 2372 90 2
30 50 10 963 90 2
30 56 2062 3288 90 3
28 52 12 752 90 3
14 66 1316 2129 90 1
25 50 15 532 90 2
22 66 2177 2990 90 2
8 62 1036 2213 90 3
23 52 17 602 90 2
4 55 1010 2043 90 3
20 50 20 948 90 1
20 55 63 702 90 1
10 35 309 1412 90 3
10 40 336 1009 90 3
8 40 234 1295 90 3
8 45 954 1897 90 1
5 35 377 1534 90 2
5 45 819 1846 90 3
2 40 494 1607 90 1
0 40 637 1648 90 1
0 45 834 1641 90 1
36 18 1468 2329 90 1
35 32 2480 3195 90 2
33 32 2421 3070 90 2
33 35 2368 2937 90 2
32 20 1621 2364 90 1
30 30 1805 2564 90 1
34 25 1782 2395 90 3
30 35 2242 2877 90 1
36 40 2605 3266 90 2
48 20 812 1281 90 1
26 32 1842 2901 90 3
25 30 1883 2676 90 1
25 35 2070 2859 90 3
44 5 1078 1593 90 2
42 10 998 1481 90 1
42 15 897 1392 90 1
40 5 1083 1776 90 2
38 15 1426 2183 90 3
38 5 1133 1910 90 1
38 10 1392 2027 90 1
35 5 1180 2049 90 3
50 30 223 738 90 2
50 35 18 474 90 3
50 40 14 360 90 2
48 30 246 899 90 3
44 25 704 1197 90 1
47 35 393 942 90 1
47 40 12 424 90 1
42 30 641 1070 90 3
45 35 534 985 90 1
95 30 2119 2682 90 2
95 35 2192 2419 90 2
53 30 131 644 90 2
92 30 2169 2818 90 3
53 35 87 498 90 2
45 65 49 346 90 3
90 35 2106 2315 90 2
72 45 2701 3258 90 3
78 40 2599 3164 90 3
87 30 2505 2870 90 1
85 25 2369 2816 90 1
85 35 2563 3002 90 1
75 55 1894 2115 90 1
72 55 1751 2072 90 3
70 58 1617 1824 90 3
86 46 1969 2248 90 2
66 55 1710 1921 90 1
64 46 2976 3275 90 1
65 60 1482 1769 90 1
56 64 1275 1594 90 2
60 55 2789 3279 90 1
60 60 1440 1621 90 1
67 85 646 901 90 3
42 58 8 258 90 2
65 82 708 1027 90 2
62 80 852 1069 90 2
62 40 2713 3275 90 2
60 85 537 816 90 2
58 75 948 1167 90 1
55 80 379 594 90 1
55 85 477 686 90 2
27 23 0 3390 45 4
56 80 0 3390 45 4
63 43 0 3390 45 4
18 78 0 3390 45 4
90 42 0 3390 45 4
0 1 0 0 0
0 1 0 0 0
0 0 0 0 0
0 1 0 0 0
0 1 0 0 0
0 0 0 0 0
0 1 0 0 0
0 0 0 1 0
0 0 0 1 0
0 0 0 1 0
0 0 0 1 0
0 0 0 0 0
0 0 0 1 0
0 0 0 1 0
0 0 0 1 0
0 0 0 1 0
0 0 0 1 0
0 0 0 0 0
0 0 0 1 0
1 0 0 0 0
0 0 0 1 0
0 0 0 1 0
0 0 0 0 0
1 0 0 0 0
0 0 0 1 0
0 0 0 1 0
0 0 0 1 0
0 0 0 1 0
0 0 0 0 0
0 0 0 0 0
1 0 0 0 0
1 0 0 0 0
1 0 0 0 0
0 0 0 0 0
1 0 0 0 0
1 0 0 0 0
0 0 0 0 0
0 0 0 0 0
0 0 0 0 0
0 0 0 0 0
1 0 0 0 0
1 0 0 0 0
1 0 0 0 0
0 0 0 0 0
0 0 0 0 0
1 0 0 0 0
0 0 0 0 0
1 0 0 0 0
0 0 0 0 0
1 0 0 0 0
0 0 0 0 0
1 0 0 0 0
1 0 0 0 0
0 0 0 0 0
0 0 0 0 0
1 0 0 0 0
1 0 0 0 0
0 0 0 0 0
0 0 0 0 0
1 0 0 0 0
0 0 1 0 0
0 0 1 0 0
0 0 1 0 0
0 0 1 0 0
0 0 0 0 0
0 0 0 0 0
0 0 0 0 0
1 0 0 0 0
0 0 0 0 0
0 0 0 0 1
0 0 0 0 1
0 0 1 0 0
0 0 0 0 1
0 0 1 0 0
0 1 0 0 0
0 0 0 0 1
0 0 1 0 0
0 0 0 0 1
0 0 0 0 0
0 0 0 0 0
0 0 0 0 0
0 0 0 0 0
0 0 1 0 0
0 0 1 0 0
0 0 0 0 1
0 0 0 0 0
0 0 0 0 0
0 0 0 0 0
0 1 0 0 0
0 0 0 0 0
0 0 0 0 0
0 1 0 0 0
0 0 1 0 0
0 1 0 0 0
0 1 0 0 0
0 0 1 0 0
0 1 0 0 0
0 0 0 0 0
0 0 0 0 0
0 1 0 0 0
