100	5
25	700
10
30
10
10
10
20
20
20
10
10
10
20
30
10
40
40
20
20
10
10
20
20
10
10
40
10
10
20
10
10
20
30
40
20
10
10
20
30
20
10
10
20
10
10
10
30
10
10
10
10
10
10
20
40
10
30
40
30
10
20
10
20
50
10
10
10
10
10
10
30
20
10
10
50
20
10
10
20
10
10
30
20
10
20
30
10
20
30
10
10
10
20
40
10
30
10
30
20
10
20
40	50	0	3390	0	0
52	75	71	711	90	1
45	70	20	660	90	2
62	69	927	1567	90	3
60	66	1021	1661	90	3
42	65	15	655	90	3
16	42	257	897	90	2
58	70	833	1473	90	2
34	60	2647	3287	90	3
28	70	2361	3001	90	1
35	66	2551	3191	90	1
35	69	2458	3098	90	3
25	85	1879	2519	90	1
22	75	2165	2805	90	1
22	85	1786	2426	90	1
20	80	1976	2616	90	2
20	85	1694	2334	90	2
18	75	2071	2711	90	2
15	75	1502	2142	90	1
15	80	1597	2237	90	3
30	50	10	650	90	3
30	56	2648	3288	90	3
28	52	12	652	90	1
14	66	1403	2043	90	3
25	50	15	655	90	3
22	66	2264	2904	90	1
8	62	1305	1945	90	3
23	52	17	657	90	2
4	55	1207	1847	90	1
20	50	158	798	90	1
20	55	63	703	90	1
10	35	541	1181	90	3
10	40	353	993	90	2
8	40	445	1085	90	3
8	45	1106	1746	90	3
5	35	636	1276	90	3
5	45	1013	1653	90	1
2	40	731	1371	90	1
0	40	823	1463	90	3
0	45	918	1558	90	3
36	18	1579	2219	90	2
35	32	2518	3158	90	2
33	32	2426	3066	90	1
33	35	2333	2973	90	3
32	20	1673	2313	90	3
30	30	1865	2505	90	1
34	25	1769	2409	90	1
30	35	2240	2880	90	2
36	40	2616	3256	90	1
48	20	727	1367	90	1
26	32	2052	2692	90	1
25	30	1960	2600	90	1
25	35	2145	2785	90	3
44	5	1016	1656	90	1
42	10	920	1560	90	1
42	15	825	1465	90	2
40	5	1110	1750	90	3
38	15	1485	2125	90	2
38	5	1202	1842	90	3
38	10	1390	2030	90	2
35	5	1295	1935	90	3
50	30	161	801	90	1
50	35	18	658	90	3
50	40	14	654	90	2
48	30	253	893	90	2
44	25	631	1271	90	1
47	35	348	988	90	1
47	40	12	652	90	2
42	30	536	1176	90	3
45	35	440	1080	90	1
95	30	2081	2721	90	1
95	35	1986	2626	90	2
53	30	68	708	90	2
92	30	2174	2814	90	2
53	35	19	659	90	3
45	65	15	655	90	2
90	35	1891	2531	90	3
72	45	2627	3267	90	3
78	40	2562	3202	90	3
87	30	2368	3008	90	2
85	25	2273	2913	90	3
85	35	2463	3103	90	2
75	55	1685	2325	90	1
72	55	1592	2232	90	1
70	58	1401	2041	90	2
86	46	1789	2429	90	1
66	55	1496	2136	90	2
64	46	2635	3275	90	1
65	60	1306	1946	90	2
56	64	1115	1755	90	2
60	55	2639	3279	90	1
60	60	1211	1851	90	1
67	85	454	1094	90	1
42	58	8	648	90	3
65	82	548	1188	90	3
62	80	641	1281	90	1
62	40	2635	3275	90	2
60	85	357	997	90	1
58	75	738	1378	90	3
55	80	167	807	90	3
55	85	262	902	90	3
74	26	0	3390	45	4
32	40	0	3390	45	4
48	25	0	3390	45	4
38	82	0	3390	45	4
8	14	0	3390	45	4
0	0	0	0	0	
0	0	0	1	0	
0	0	0	1	0	
0	0	0	1	0	
0	0	0	1	0	
0	1	0	0	0	
0	0	0	1	0	
0	1	0	0	0	
0	0	0	0	0	
0	0	0	0	0	
0	0	0	1	0	
0	0	0	0	0	
0	0	0	0	0	
0	0	0	0	0	
0	0	0	1	0	
0	0	0	1	0	
0	0	0	1	0	
0	0	0	0	0	
0	0	0	1	0	
0	1	0	0	0	
0	1	0	0	0	
0	0	0	0	0	
0	0	0	1	0	
0	1	0	0	0	
0	0	0	0	0	
0	1	0	0	0	
0	1	0	0	0	
0	0	0	0	0	
0	0	0	0	0	
0	0	0	0	0	
0	0	0	0	1	
0	1	0	0	0	
0	1	0	0	0	
0	1	0	0	0	
0	0	0	0	1	
0	0	0	0	0	
0	0	0	0	0	
0	0	0	0	1	
0	0	0	0	1	
0	0	1	0	0	
0	1	0	0	0	
0	0	0	0	0	
0	1	0	0	0	
0	0	1	0	0	
0	0	0	0	0	
0	0	0	0	0	
0	1	0	0	0	
0	0	0	0	0	
0	0	0	0	0	
0	0	0	0	0	
0	0	0	0	0	
0	1	0	0	0	
0	0	0	0	0	
0	0	0	0	0	
0	0	1	0	0	
0	0	1	0	0	
0	0	1	0	0	
0	0	1	0	0	
0	0	1	0	0	
0	0	1	0	0	
0	0	0	0	0	
0	0	1	0	0	
0	0	1	0	0	
0	0	1	0	0	
0	0	0	0	0	
0	0	0	0	0	
0	1	0	0	0	
0	0	1	0	0	
0	0	0	0	0	
0	0	0	0	0	
1	0	0	0	0	
0	0	1	0	0	
1	0	0	0	0	
0	0	1	0	0	
0	0	0	1	0	
1	0	0	0	0	
1	0	0	0	0	
1	0	0	0	0	
1	0	0	0	0	
1	0	0	0	0	
1	0	0	0	0	
0	0	0	0	0	
0	0	0	0	0	
1	0	0	0	0	
0	0	0	0	0	
1	0	0	0	0	
0	0	0	0	0	
0	0	0	1	0	
0	0	0	1	0	
0	0	0	0	0	
0	0	0	0	0	
0	0	0	0	0	
0	1	0	0	0	
0	0	0	1	0	
0	0	0	0	0	
1	0	0	0	0	
0	0	0	0	0	
0	0	0	1	0	
0	0	0	1	0	
0	0	0	1	0	
