instance,avg_time,avg_cost,#_vehicles,best_cost
C101_co_25.txt,0.012400,199.800000,3,199.800000
C102_co_25.txt,0.007667,143.916667,3,143.500000
C103_co_25.txt,0.010800,203.916667,3,203.900000
C104_co_25.txt,0.016000,183.850000,3,182.100000
C105_co_25.txt,0.014067,206.900000,3,206.900000
C106_co_25.txt,0.014600,209.423333,3,208.800000
C107_co_25.txt,0.012933,206.936667,3,206.900000
C108_co_25.txt,0.008033,155.300000,3,155.300000
C109_co_25.txt,0.007933,140.763333,3,140.500000
C201_co_25.txt,0.017567,195.500000,2,195.500000
C202_co_25.txt,0.004833,119.600000,1,119.600000
C203_co_25.txt,0.008267,146.400000,1,146.400000
C204_co_25.txt,0.012067,145.900000,1,145.900000
C205_co_25.txt,0.019267,170.883333,2,168.200000
C206_co_25.txt,0.011167,171.300000,2,171.300000
C207_co_25.txt,0.011167,122.560000,1,121.300000
C208_co_25.txt,0.009500,162.200000,1,162.200000
R101_co_25.txt,0.011200,178.600000,2,178.600000
R102_co_25.txt,0.005500,187.800000,2,187.800000
R103_co_25.txt,0.006133,197.600000,2,197.600000
R104_co_25.txt,0.013133,238.900000,3,238.900000
R105_co_25.txt,0.005000,194.100000,2,194.100000
R106_co_25.txt,0.008300,180.293333,2,177.000000
R107_co_25.txt,0.012467,238.900000,3,238.900000
R108_co_25.txt,0.012033,252.406667,2,250.800000
R109_co_25.txt,0.012933,260.700000,3,260.700000
R110_co_25.txt,0.012567,239.446667,3,239.200000
R111_co_25.txt,0.009933,245.300000,2,245.300000
R112_co_25.txt,0.006633,185.600000,2,185.600000
R201_co_25.txt,0.013467,305.416667,3,304.700000
R202_co_25.txt,0.011800,257.800000,2,257.800000
R203_co_25.txt,0.014000,185.786667,2,185.600000
R204_co_25.txt,0.012700,154.200000,1,154.200000
R205_co_25.txt,0.013100,219.100000,1,219.100000
R206_co_25.txt,0.009533,195.800000,1,195.800000
R207_co_25.txt,0.008733,198.060000,1,197.900000
R208_co_25.txt,0.005333,163.800000,1,163.800000
R209_co_25.txt,0.011567,232.600000,1,232.600000
R210_co_25.txt,0.015533,279.100000,2,279.100000
R211_co_25.txt,0.007767,131.500000,1,131.500000
RC101_co_25.txt,0.008933,332.600000,3,332.600000
RC102_co_25.txt,0.011433,297.900000,3,297.900000
RC103_co_25.txt,0.005500,243.800000,3,243.800000
RC104_co_25.txt,0.011033,309.493333,3,309.400000
RC105_co_25.txt,0.007167,309.700000,3,309.700000
RC106_co_25.txt,0.008533,281.020000,4,279.100000
RC107_co_25.txt,0.013600,301.476667,3,299.900000
RC108_co_25.txt,0.007967,275.700000,3,275.700000
RC201_co_25.txt,0.014867,270.803333,2,270.200000
RC202_co_25.txt,0.016367,295.593333,3,293.900000
RC203_co_25.txt,0.009567,208.000000,1,208.000000
RC204_co_25.txt,0.005867,175.700000,1,175.700000
RC205_co_25.txt,0.012833,283.200000,3,283.200000
RC206_co_25.txt,0.013300,246.700000,2,246.700000
RC207_co_25.txt,0.016500,250.500000,2,250.500000
RC208_co_25.txt,0.009167,182.300000,1,182.300000
C101_co_50.txt,0.120767,370.540000,5,360.900000
C102_co_50.txt,0.100133,355.976667,5,351.200000
C103_co_50.txt,0.072367,310.473333,5,306.900000
C104_co_50.txt,0.120967,343.313333,5,340.200000
C105_co_50.txt,0.116367,358.336667,5,346.200000
C106_co_50.txt,0.083633,323.003333,5,321.900000
C107_co_50.txt,0.089667,329.800000,5,328.400000
C108_co_50.txt,0.090367,338.850000,5,338.500000
C109_co_50.txt,0.098700,330.016667,5,329.000000
C201_co_50.txt,0.087500,283.280000,2,282.200000
C202_co_50.txt,0.075667,232.056667,2,227.600000
C203_co_50.txt,0.071833,257.800000,2,257.800000
C204_co_50.txt,0.184233,275.643333,2,274.400000
C205_co_50.txt,0.076300,266.460000,2,266.100000
C206_co_50.txt,0.063067,236.546667,2,234.600000
C207_co_50.txt,0.112333,288.716667,2,288.700000
C208_co_50.txt,0.119700,285.300000,2,285.300000
R101_co_50.txt,0.081100,450.370000,5,449.400000
R102_co_50.txt,0.102600,423.413333,5,422.900000
R103_co_50.txt,0.058000,321.520000,4,316.600000
R104_co_50.txt,0.092567,379.186667,4,376.300000
R105_co_50.txt,0.063000,413.500000,5,413.500000
R106_co_50.txt,0.102967,449.076667,5,447.900000
R107_co_50.txt,0.132033,389.596667,5,388.900000
R108_co_50.txt,0.149867,456.210000,4,430.900000
R109_co_50.txt,0.135633,483.133333,4,475.300000
R110_co_50.txt,0.097167,396.706667,4,396.100000
R111_co_50.txt,0.071800,359.166667,4,358.100000
R112_co_50.txt,0.091300,372.750000,4,367.800000
R201_co_50.txt,0.131200,409.860000,4,409.200000
R202_co_50.txt,0.083600,320.100000,2,320.100000
R203_co_50.txt,0.083000,307.700000,3,307.700000
R204_co_50.txt,0.133600,300.190000,2,297.100000
R205_co_50.txt,0.182500,363.203333,3,358.000000
R206_co_50.txt,0.149300,384.733333,2,383.800000
R207_co_50.txt,0.154367,312.833333,2,312.700000
R208_co_50.txt,0.113400,251.200000,1,247.200000
R209_co_50.txt,0.119567,361.873333,2,358.600000
R210_co_50.txt,0.135467,320.690000,2,319.000000
R211_co_50.txt,0.181067,332.526667,2,329.400000
RC101_co_50.txt,0.088500,633.230000,6,630.800000
RC102_co_50.txt,0.087200,540.803333,5,538.300000
RC103_co_50.txt,0.051100,468.300000,5,468.300000
RC104_co_50.txt,0.091067,556.056667,5,551.400000
RC105_co_50.txt,0.068400,584.173333,6,578.300000
RC106_co_50.txt,0.067100,574.490000,5,555.600000
RC107_co_50.txt,0.097633,612.800000,5,595.600000
RC108_co_50.txt,0.077933,534.030000,5,532.800000
RC201_co_50.txt,0.120200,547.340000,4,538.500000
RC202_co_50.txt,0.086867,412.600000,3,412.600000
RC203_co_50.txt,0.113033,418.486667,3,415.000000
RC204_co_50.txt,0.104233,337.336667,1,332.300000
RC205_co_50.txt,0.137467,442.900000,4,440.800000
RC206_co_50.txt,0.146767,471.996667,3,470.200000
RC207_co_50.txt,0.069833,352.710000,1,352.500000
RC208_co_50.txt,0.057133,243.700000,1,243.700000
C101_co_100.txt,0.879667,811.563333,10,797.100000
C102_co_100.txt,1.546333,934.136667,10,924.200000
C103_co_100.txt,1.308067,842.030000,10,833.300000
C104_co_100.txt,0.986733,698.096667,10,689.500000
C105_co_100.txt,1.299233,945.693333,10,923.000000
C106_co_100.txt,1.288600,873.173333,10,863.700000
C107_co_100.txt,1.440967,977.040000,10,960.900000
C108_co_100.txt,1.031233,771.370000,10,767.300000
C109_co_100.txt,1.260700,790.556667,10,778.500000
C201_co_100.txt,1.323733,511.800000,3,511.800000
C202_co_100.txt,0.900800,478.586667,3,471.800000
C203_co_100.txt,1.281333,480.146667,3,478.400000
C204_co_100.txt,1.401867,494.063333,3,488.100000
C205_co_100.txt,0.724467,430.246667,3,429.500000
C206_co_100.txt,2.199267,579.073333,3,574.200000
C207_co_100.txt,1.367267,465.760000,3,460.700000
C208_co_100.txt,1.314500,511.820000,3,505.200000
R101_co_100.txt,1.135167,757.173333,10,753.500000
R102_co_100.txt,1.019800,691.956667,8,685.000000
R103_co_100.txt,1.640867,735.930000,9,726.000000
R104_co_100.txt,1.505733,661.453333,8,655.600000
R105_co_100.txt,1.176667,709.990000,8,706.600000
R106_co_100.txt,1.139533,648.403333,8,631.000000
R107_co_100.txt,1.168000,693.530000,8,681.200000
R108_co_100.txt,0.871767,529.140000,8,527.800000
R109_co_100.txt,1.199900,659.890000,8,649.300000
R110_co_100.txt,1.150067,647.803333,8,643.200000
R111_co_100.txt,1.373800,711.050000,8,706.400000
R112_co_100.txt,1.513167,689.206667,8,677.000000
R201_co_100.txt,1.592667,680.580000,5,678.100000
R202_co_100.txt,1.568000,604.126667,4,588.100000
R203_co_100.txt,1.862100,556.163333,4,549.000000
R204_co_100.txt,1.413767,386.053333,2,383.300000
R205_co_100.txt,1.252800,488.366667,3,478.500000
R206_co_100.txt,1.658067,524.433333,3,516.800000
R207_co_100.txt,1.786200,474.893333,2,473.700000
R208_co_100.txt,1.239200,355.353333,2,354.500000
R209_co_100.txt,1.619600,441.830000,3,432.300000
R210_co_100.txt,1.516400,551.103333,4,546.100000
R211_co_100.txt,1.243600,442.570000,3,426.000000
RC101_co_100.txt,1.030067,981.706667,10,968.600000
RC102_co_100.txt,1.155100,933.083333,9,915.800000
RC103_co_100.txt,1.594167,1003.283333,9,976.900000
RC104_co_100.txt,1.284400,857.623333,9,835.700000
RC105_co_100.txt,1.330500,1037.823333,10,1018.300000
RC106_co_100.txt,0.792767,816.750000,9,806.000000
RC107_co_100.txt,0.921167,810.056667,9,802.700000
RC108_co_100.txt,1.346533,950.543333,9,938.000000
RC201_co_100.txt,1.228700,698.373333,5,697.600000
RC202_co_100.txt,1.428033,596.913333,5,585.100000
RC203_co_100.txt,1.543900,649.453333,3,635.700000
RC204_co_100.txt,1.196167,483.960000,2,481.800000
RC205_co_100.txt,1.589800,748.606667,5,743.700000
RC206_co_100.txt,1.501033,563.050000,4,553.600000
RC207_co_100.txt,2.256167,601.586667,4,593.800000
RC208_co_100.txt,1.346933,507.000000,2,496.200000