instance,g_best_cost,g_n_v,g_avg_time,sa_avg_cost,sa_best_cost,sa_n_v,sa_avg_time,ig_avg_cost,ig_best_cost,ig_n_v,ig_avg_time,gap
C101,199.80,3,1310.7,199.8,199.80,3,7.6,200.420276,200.205499,3,0.001833,0.203
C102,143.50,3,18000.0,155.08,143.50,3,19.1,155.99006,145.887805,3,0.001433,1.664
C103,224.60,3,18000.0,203.9,203.90,3,10.4,205.135214,204.4058,3,0.002233,0.248
C104,182.00,3,18000.0,181.8,181.80,3,11.6,201.658056,188.197034,3,0.003067,3.519
C105,210.60,3,18000.0,206.9,206.90,3,9.1,214.435411,211.04074,3,0.001767,2.001
C106,212.40,3,18000.0,208.8,208.80,3,7.5,214.641088,211.04074,3,0.001967,1.073
C107,210.60,3,18000.0,206.9,206.90,3,8.9,214.296598,210.235002,3,0.001967,1.612
C108,158.70,3,18000.0,159.38,155.30,3,8.6,157.352692,155.930633,3,0.001367,0.406
C109,160.50,3,18000.0,143.46,141.50,3,11.4,149.657352,140.844139,3,0.001767,-0.464
C201,195.50,2,188.6,195.5,195.50,2,5.4,223.139949,202.904762,2,0.001667,3.788
C202,119.60,1,195.2,119.6,119.60,1,8.8,152.231796,129.635963,1,0.0019,8.391
C203,146.40,1,18000.0,146.4,146.40,1,9.5,164.258604,146.85649,1,0.0021,0.312
C204,150.60,1,18000.0,145.9,145.90,1,6.5,156.786756,146.322141,1,0.001933,0.289
C205,168.20,2,18000.0,168.2,168.20,2,8.2,195.893169,168.813208,2,0.0014,0.365
C206,171.30,2,18000.0,171.3,171.30,2,7.4,180.30326,171.729565,2,0.001633,0.251
C207,121.30,1,18000.0,121.3,121.30,1,11.9,129.615588,121.730993,1,0.001633,0.355
C208,162.20,1,18000.0,162.2,162.20,1,7.4,171.797933,163.466909,1,0.0016,0.781
R101,178.60,2,108.9,178.6,178.60,2,6.4,187.828266,183.753963,2,0.001567,2.886
R102,187.80,2,18000.0,187.8,187.80,2,8.1,202.585233,202.361142,3,0.0015,7.754
R103,197.60,2,18000.0,197.6,197.60,2,4.8,199.990983,197.985582,2,0.001833,0.195
R104,238.90,3,18000.0,238.94,238.90,3,9,248.396939,239.514894,3,0.002167,0.257
R105,194.10,2,164.9,194.1,194.10,2,6.7,208.24832,204.415521,3,0.001433,5.315
R106,177.00,2,18000.0,177,177.00,2,5.8,191.675563,186.738476,2,0.0018,5.502
R107,238.90,2,18000.0,238.9,238.90,3,8.7,245.331408,239.514894,3,0.0018,0.257
R108,257.90,3,18000.0,251.28,250.80,2,10.5,254.644768,252.49079,2,0.001933,0.674
R109,260.70,3,18000.0,260.7,260.70,3,7.9,272.068862,265.174323,3,0.0017,1.716
R110,239.20,3,18000.0,239.2,239.20,3,9.4,256.91241,239.799887,3,0.0016,0.251
R111,245.30,2,18000.0,245.3,245.30,2,5.8,259.538077,247.936466,3,0.002,1.075
R112,185.60,2,18000.0,185.6,185.60,2,6.6,204.993402,186.085843,2,0.001567,0.262
R201,304.70,3,653.3,304.7,304.70,3,5.6,334.794708,317.343872,3,0.0028,4.15
R202,257.80,2,18000.0,265.32,257.80,2,8.6,275.212042,258.40335,2,0.001933,0.234
R203,185.60,2,18000.0,185.6,185.60,2,7,195.941913,186.010007,2,0.002333,0.221
R204,154.20,1,922.3,154.2,154.20,1,6.3,180.389764,154.567745,1,0.002533,0.238
R205,219.10,1,18000.0,225.52,219.10,1,10,249.465137,229.505638,1,0.002033,4.749
R206,195.80,1,7773.5,195.8,195.80,1,7.9,207.309288,196.136858,1,0.002233,0.172
R207,197.90,1,18000.0,197.96,197.90,1,7.8,220.988582,198.279198,1,0.001867,0.192
R208,163.80,1,18000.0,163.8,163.80,1,5.9,168.627366,164.016332,1,0.001433,0.132
R209,232.60,1,2126.8,232.6,232.60,1,8.1,257.349302,238.589846,2,0.0019,2.575
R210,279.10,2,18000.0,279.18,279.10,2,6.3,308.538656,279.626884,2,0.002167,0.189
R211,131.50,1,514.0,131.5,131.50,1,6.4,147.676571,131.778098,1,0.0019,0.211
RC101,367.70,4,18000.0,332.6,332.60,3,5.4,357.57916,333.153187,3,0.001733,0.166
RC102,313.80,4,18000.0,297.9,297.90,3,9.1,314.075108,299.164335,3,0.001833,0.424
RC103,306.40,4,18000.0,243.8,243.80,3,6.2,246.455379,244.199598,3,0.0017,0.164
RC104,329.10,3,18000.0,309.4,309.40,3,12.6,317.814246,310.380731,3,0.0016,0.317
RC105,387.70,4,18000.0,309.7,309.70,3,4.7,310.478253,310.293151,3,0.0018,0.192
RC106,279.10,4,18000.0,279.1,279.10,4,7.8,285.519454,279.54047,4,0.0018,0.158
RC107,310.90,3,18000.0,300.56,299.90,3,7.9,337.003983,332.306074,4,0.001767,10.806
RC108,298.70,4,18000.0,275.7,275.70,3,6.4,287.985966,276.239334,3,0.001667,0.196
RC201,270.20,2,18000.0,270.56,270.20,2,8.1,294.839549,270.766864,2,0.002,0.21
RC202,293.90,3,18000.0,294.62,293.90,3,13.1,314.845889,294.63916,3,0.001833,0.252
RC203,208.00,1,18000.0,208,208.00,1,5.8,259.224409,208.391726,1,0.0019,0.188
RC204,175.70,1,18000.0,175.7,175.70,1,6,198.024168,175.927135,1,0.002033,0.129
RC205,283.20,3,18000.0,284.48,283.20,3,5.6,319.048831,284.071523,3,0.001833,0.308
RC206,246.70,2,18000.0,247.4,246.70,2,11.4,257.925401,247.483414,2,0.001267,0.318
RC207,250.50,2,18000.0,250.5,250.50,2,8.1,280.751096,252.602779,2,0.0024,0.839
RC208,182.30,1,18000.0,182.3,182.30,1,6.1,221.448037,186.030945,1,0.0023,2.047
C101,367.90,5,18000.0,371.24,368.50,5,206.3,398.142667,379.578926,5,0.018,3.174
C102,353.20,5,18000.0,359.08,357.70,5,184.1,371.77299,357.033992,5,0.020367,1.086
C103,308.50,5,18000.0,323.92,317.90,5,228.9,329.129301,318.09506,5,0.020667,3.11
C104,404.80,5,18000.0,348.24,344.90,5,233.7,348.741932,343.564063,5,0.027167,-0.387
C105,350.70,5,18000.0,376.74,374.90,5,205.1,394.562879,381.610723,5,0.019333,8.814
C106,321.90,5,18000.0,337.06,321.90,5,234.5,341.927295,322.960146,5,0.015967,0.329
C107,329.30,5,18000.0,330.56,327.30,5,181.5,331.252597,327.984836,5,0.0172,0.209
C108,338.90,5,18000.0,339.76,338.80,5,222.8,340.477757,339.692171,5,0.0214,0.263
C109,370.10,5,18000.0,341.38,335.40,5,252.9,335.124303,329.804376,5,0.0239,-1.668
C201,282.20,2,18000.0,283.74,282.20,2,173.8,306.907795,285.545075,3,0.019567,1.185
C202,227.60,2,18000.0,242.02,233.50,2,188.1,261.183143,234.265008,2,0.021867,2.928
C203,257.80,2,18000.0,270.7,264.50,2,123.9,284.961325,258.439793,2,0.0211,0.248
C204,451.50,3,18000.0,277.14,274.40,2,150.1,311.644158,275.15857,2,0.0325,0.276
C205,266.10,2,13771.7,268,267.00,2,148,281.020719,269.341418,2,0.0212,1.218
C206,266.70,3,18000.0,236.14,235.00,2,159.6,251.010009,235.201796,2,0.021933,0.086
C207,321.80,3,18000.0,288.7,288.70,2,145.9,312.72227,292.071371,2,0.019333,1.168
C208,288.10,3,18000.0,288.1,288.10,3,148,322.087068,286.144122,2,0.0251,-0.679
R101,449.40,5,2991.5,455.36,453.50,5,206.4,466.059216,456.062346,6,0.016667,1.482
R102,442.10,6,18000.0,423.32,423.20,5,161.1,444.793249,429.676395,5,0.0208,1.53
R103,316.60,4,18000.0,326.32,320.50,4,144.8,346.116916,332.772888,4,0.020733,5.108
R104,416.50,4,18000.0,377.84,377.80,4,171.7,386.866392,379.273587,4,0.0239,0.39
R105,413.50,5,7903.3,414.46,413.50,5,171.5,446.038634,432.896649,5,0.0208,4.691
R106,452.30,5,18000.0,450.7,448.10,5,206.4,456.600179,450.923795,5,0.019033,0.63
R107,430.60,5,18000.0,391.32,389.00,4,189.1,401.256744,392.348284,4,0.0197,0.861
R108,576.40,5,18000.0,443.96,429.60,4,184.7,472.441597,441.780787,4,0.018633,2.835
R109,504.10,6,18000.0,486.56,479.70,5,163.7,514.24055,500.209398,5,0.0178,4.275
R110,409.40,5,18000.0,396.8,396.10,4,152.8,412.907121,400.68854,4,0.0203,1.158
R111,435.70,5,18000.0,370.94,364.10,4,230.3,373.885763,365.1014,4,0.020167,0.275
R112,387.30,4,18000.0,367.8,367.80,4,134,388.255468,376.986671,4,0.014767,2.498
R201,409.20,4,18000.0,413.14,409.20,4,156.2,428.90674,410.128,4,0.0234,0.227
R202,320.10,2,18000.0,328.46,320.20,2,156.8,347.635581,322.778036,3,0.021833,0.837
R203,333.50,2,18000.0,315.82,312.70,3,196.2,344.144415,308.572502,3,0.025233,-1.32
R204,297.10,2,18000.0,305.72,302.60,1,128.2,310.66913,297.787142,2,0.028533,0.231
R205,352.70,4,18000.0,356.64,352.70,4,158.8,383.719123,363.654645,3,0.021467,3.106
R206,437.90,3,18000.0,386.76,384.80,2,182.8,420.258653,384.765864,2,0.0265,-0.009
R207,317.00,2,18000.0,322.04,312.70,2,177.8,347.309665,332.755116,2,0.028833,6.414
R208,261.10,2,18000.0,251.2,247.20,1,144,274.038453,262.049862,2,0.032267,6.007
R209,365.40,2,18000.0,370.44,358.60,2,137.9,396.355651,364.842365,2,0.021867,1.741
R210,339.10,3,18000.0,322.34,320.20,2,168.5,345.116518,322.20874,3,0.0292,0.627
R211,421.70,2,18000.0,331.28,329.40,2,140,372.868367,338.649436,2,0.025,2.808
RC101,627.70,5,18000.0,628.68,627.70,5,124.6,687.087344,648.295518,6,0.014267,3.281
RC102,546.80,5,18000.0,552.48,538.30,5,149.1,601.771858,548.13672,5,0.019967,1.827
RC103,468.30,5,18000.0,468.3,468.30,5,108.8,482.877594,469.153076,5,0.018067,0.182
RC104,594.50,5,18000.0,546.1,546.10,5,143.1,582.951479,552.530639,5,0.0233,1.178
RC105,581.00,6,18000.0,581.68,579.80,6,180.8,594.157462,581.431314,6,0.015533,0.281
RC106,556.70,5,18000.0,555.6,555.60,5,115.2,612.417107,591.65764,6,0.0163,6.49
RC107,646.60,6,18000.0,578.8,578.80,5,143.1,640.911962,618.523769,6,0.015833,6.863
RC108,538.60,5,18000.0,532.82,532.80,5,105.9,547.244507,533.570233,5,0.02,0.145
RC201,538.50,4,18000.0,539.14,538.50,4,145.6,643.801574,554.851653,4,0.0198,3.037
RC202,419.20,3,18000.0,415.24,412.60,3,126.8,474.130322,413.394409,3,0.018833,0.193
RC203,481.30,4,18000.0,415.46,415.00,3,110.7,454.855341,415.565828,3,0.021033,0.136
RC204,362.20,2,18000.0,332.3,332.30,1,99.4,370.672928,357.916792,2,0.023333,7.709
RC205,448.70,4,18000.0,441.04,440.80,4,195,509.298918,454.662414,3,0.0198,3.145
RC206,471.00,3,18000.0,470.84,470.20,3,200.9,502.866845,475.163409,3,0.018267,1.056
RC207,407.50,3,18000.0,355.76,352.50,1,120.7,387.976108,359.226673,1,0.025067,1.908
RC208,271.20,2,18000.0,243.7,243.70,1,160.4,303.016899,257.716732,2,0.022867,5.752
C101,838.50,10,18000.0,849.26,827.60,10,514.4,848.724842,825.086866,10,0.260833,-0.304
C102,N/A,N/A,18000.0,1046.96,1026.70,11,622.8,1000.262157,952.017366,10,0.261267,-7.274
C103,2079.60,14,18000.0,890.74,879.00,10,737.6,883.907469,849.87431,10,0.300467,-3.314
C104,791.00,11,18000.0,710.06,700.40,10,444.7,718.832267,697.140344,10,0.2711,-0.465
C105,996.20,10,18000.0,989.52,950.50,10,618.9,1009.965326,964.897947,10,0.265367,1.515
C106,N/A,N/A,18000.0,932.5,921.80,12,593,914.790556,895.747854,10,0.260433,-2.826
C107,N/A,N/A,18000.0,1081.22,1030.50,11,414.2,1033.984079,972.405126,10,0.315467,-5.638
C108,1835.70,13,18000.0,789.74,786.70,10,675.5,795.000243,783.974765,10,0.225767,-0.346
C109,1324.20,10,18000.0,832.28,819.50,10,471.1,822.308371,794.470695,10,0.292833,-3.054
C201,511.80,3,18000.0,564.3,511.80,3,533.4,643.728898,589.185168,4,0.277233,15.12
C202,516.90,3,18000.0,513.86,513.00,4,362.9,571.943967,502.229646,3,0.3221,-2.099
C203,699.30,5,18000.0,528.28,497.10,3,558.4,540.104111,510.41946,4,0.382933,2.679
C204,1113.60,6,18000.0,527.66,512.20,3,418.6,555.420645,504.22991,3,0.444833,-1.556
C205,548.60,4,18000.0,474.56,453.80,3,449.8,509.075951,457.804976,3,0.347167,0.883
C206,736.90,4,18000.0,652.2,636.20,4,729.8,671.231423,627.765821,4,0.315667,-1.326
C207,616.00,5,18000.0,476.68,461.50,3,338.2,560.976791,465.574964,3,0.3653,0.883
C208,759.70,4,18000.0,561.44,550.90,4,477.3,605.39779,530.615547,3,0.334833,-3.682
R101,760.70,11,18000.0,776.9,760.10,11,701.4,798.921062,774.292567,11,0.239933,1.867
R102,774.60,8,18000.0,735.78,718.00,9,692,748.667377,735.267595,10,0.223133,2.405
R103,N/A,N/A,18000.0,750.48,738.40,11,912.9,791.605129,758.878452,10,0.272467,2.773
R104,1695.00,14,18000.0,697.1,676.30,8,609.3,689.178356,663.780349,8,0.2838,-1.851
R105,773.40,8,18000.0,733.92,725.80,9,551.7,750.538257,727.866575,9,0.228833,0.285
R106,979.20,10,18000.0,677,651.80,8,545.8,713.97661,690.893019,9,0.219867,5.998
R107,939.00,9,18000.0,728,719.10,8,543.9,730.18085,698.025344,8,0.278467,-2.931
R108,875.70,9,18000.0,544.06,533.00,8,590.7,557.023196,532.079839,8,0.241167,-0.173
R109,870.80,10,18000.0,687.1,673.80,8,598.7,705.08035,669.560894,8,0.210333,-0.629
R110,957.50,10,18000.0,666.64,652.60,8,554,690.232588,661.05994,8,0.222367,1.296
R111,943.50,8,18000.0,756.64,739.40,9,440.4,731.671589,720.453886,9,0.233533,-2.562
R112,1200.80,10,18000.0,698.12,687.90,8,507,723.9442,689.38055,8,0.2367,0.215
R201,764.20,5,18000.0,707.64,700.10,6,599.5,745.902204,693.409275,7,0.279133,-0.956
R202,817.30,6,18000.0,612.32,603.20,4,356.9,659.301883,610.205481,5,0.3162,1.161
R203,674.80,5,18000.0,592.3,585.60,4,615,614.925452,570.239056,4,0.361867,-2.623
R204,618.40,5,18000.0,405.32,387.20,2,514.1,439.069752,386.824917,2,0.4044,-0.097
R205,651.30,4,18000.0,496.4,491.40,3,483.3,549.175878,505.814496,3,0.277967,2.933
R206,763.90,5,18000.0,549.38,544.50,3,513,574.263707,534.748946,3,0.3372,-1.791
R207,678.20,6,18000.0,503.92,492.10,2,343.4,534.453304,486.643552,3,0.3657,-1.109
R208,1046.30,6,18000.0,359.3,354.80,2,533.5,398.138738,362.15858,2,0.4067,2.074
R209,534.20,4,18000.0,454.66,442.30,3,569.1,479.511696,446.233871,3,0.343733,0.889
R210,1059.80,9,18000.0,555.9,551.70,4,455.9,604.159209,555.782363,4,0.303667,0.74
R211,771.80,7,18000.0,444.02,430.70,3,466,481.869703,453.889668,3,0.332567,5.384
RC101,N/A,N/A,18000.0,1029.2,1023.50,11,540.9,1022.380525,983.976441,10,0.1998,-3.862
RC102,1680.00,9,18000.0,976.58,945.30,10,708.6,989.968922,947.612433,10,0.1989,0.245
RC103,N/A,N/A,18000.0,1090.58,1082.10,11,527.8,1059.362645,1027.791618,10,0.1988,-5.019
RC104,N/A,N/A,18000.0,914.04,889.40,10,522.5,890.834688,868.736873,10,0.254267,-2.323
RC105,N/A,N/A,18000.0,1104.82,1082.90,11,564.6,1093.989163,1049.79308,11,0.204167,-3.057
RC106,1200.60,11,18000.0,825.08,817.00,10,755.8,837.56732,826.787669,10,0.1951,1.198
RC107,1214.90,11,18000.0,824.92,817.10,10,513,827.913203,807.823817,9,0.253867,-1.135
RC108,N/A,N/A,18000.0,971.22,964.10,9,758.6,977.889969,960.897573,9,0.2563,-0.332
RC201,744.00,6,18000.0,729.58,720.00,6,569.7,780.673277,723.687997,6,0.266367,0.512
RC202,789.90,5,18000.0,627.94,599.20,5,505.7,666.896291,618.31034,4,0.272333,3.189
RC203,N/A,N/A,18000.0,704.36,684.30,4,496.3,728.430816,670.221823,3,0.318533,-2.057
RC204,975.20,6,18000.0,503.34,491.40,2,491.8,528.899738,489.425385,2,0.4526,-0.402
RC205,879.50,4,18000.0,770.64,762.90,5,531.7,813.336947,759.176811,6,0.245233,-0.488
RC206,720.20,5,18000.0,588.4,573.70,5,584,649.19822,554.935204,4,0.301933,-3.271
RC207,1197.20,4,18000.0,611.14,599.50,4,468.3,658.50337,599.609267,3,0.2967,0.018
RC208,797.00,6,18000.0,507.26,499.80,3,437.7,542.834067,501.692175,3,0.310667,0.379