instance,avg_time,avg_cost,#_vehicles,best_cost
C101_co_25.txt,0.001833,200.420276,3,200.205499
C102_co_25.txt,0.001433,155.990060,3,145.887805
C103_co_25.txt,0.002233,205.135214,3,204.405800
C104_co_25.txt,0.003067,201.658056,3,188.197034
C105_co_25.txt,0.001767,214.435411,3,211.040740
C106_co_25.txt,0.001967,214.641088,3,211.040740
C107_co_25.txt,0.001967,214.296598,3,210.235002
C108_co_25.txt,0.001367,157.352692,3,155.930633
C109_co_25.txt,0.001767,149.657352,3,140.844139
C201_co_25.txt,0.001667,223.139949,2,202.904762
C202_co_25.txt,0.001900,152.231796,1,129.635963
C203_co_25.txt,0.002100,164.258604,1,146.856490
C204_co_25.txt,0.001933,156.786756,1,146.322141
C205_co_25.txt,0.001400,195.893169,2,168.813208
C206_co_25.txt,0.001633,180.303260,2,171.729565
C207_co_25.txt,0.001633,129.615588,1,121.730993
C208_co_25.txt,0.001600,171.797933,1,163.466909
R101_co_25.txt,0.001567,187.828266,2,183.753963
R102_co_25.txt,0.001500,202.585233,3,202.361142
R103_co_25.txt,0.001833,199.990983,2,197.985582
R104_co_25.txt,0.002167,248.396939,3,239.514894
R105_co_25.txt,0.001433,208.248320,3,204.415521
R106_co_25.txt,0.001800,191.675563,2,186.738476
R107_co_25.txt,0.001800,245.331408,3,239.514894
R108_co_25.txt,0.001933,254.644768,2,252.490790
R109_co_25.txt,0.001700,272.068862,3,265.174323
R110_co_25.txt,0.001600,256.912410,3,239.799887
R111_co_25.txt,0.002000,259.538077,3,247.936466
R112_co_25.txt,0.001567,204.993402,2,186.085843
R201_co_25.txt,0.002800,334.794708,3,317.343872
R202_co_25.txt,0.001933,275.212042,2,258.403350
R203_co_25.txt,0.002333,195.941913,2,186.010007
R204_co_25.txt,0.002533,180.389764,1,154.567745
R205_co_25.txt,0.002033,249.465137,1,229.505638
R206_co_25.txt,0.002233,207.309288,1,196.136858
R207_co_25.txt,0.001867,220.988582,1,198.279198
R208_co_25.txt,0.001433,168.627366,1,164.016332
R209_co_25.txt,0.001900,257.349302,2,238.589846
R210_co_25.txt,0.002167,308.538656,2,279.626884
R211_co_25.txt,0.001900,147.676571,1,131.778098
RC101_co_25.txt,0.001733,357.579160,3,333.153187
RC102_co_25.txt,0.001833,314.075108,3,299.164335
RC103_co_25.txt,0.001700,246.455379,3,244.199598
RC104_co_25.txt,0.001600,317.814246,3,310.380731
RC105_co_25.txt,0.001800,310.478253,3,310.293151
RC106_co_25.txt,0.001800,285.519454,4,279.540470
RC107_co_25.txt,0.001767,337.003983,4,332.306074
RC108_co_25.txt,0.001667,287.985966,3,276.239334
RC201_co_25.txt,0.002000,294.839549,2,270.766864
RC202_co_25.txt,0.001833,314.845889,3,294.639160
RC203_co_25.txt,0.001900,259.224409,1,208.391726
RC204_co_25.txt,0.002033,198.024168,1,175.927135
RC205_co_25.txt,0.001833,319.048831,3,284.071523
RC206_co_25.txt,0.001267,257.925401,2,247.483414
RC207_co_25.txt,0.002400,280.751096,2,252.602779
RC208_co_25.txt,0.002300,221.448037,1,186.030945
C101_co_50.txt,0.018000,398.142667,5,379.578926
C102_co_50.txt,0.020367,371.772990,5,357.033992
C103_co_50.txt,0.020667,329.129301,5,318.095060
C104_co_50.txt,0.027167,348.741932,5,343.564063
C105_co_50.txt,0.019333,394.562879,5,381.610723
C106_co_50.txt,0.015967,341.927295,5,322.960146
C107_co_50.txt,0.017200,331.252597,5,327.984836
C108_co_50.txt,0.021400,340.477757,5,339.692171
C109_co_50.txt,0.023900,335.124303,5,329.804376
C201_co_50.txt,0.019567,306.907795,3,285.545075
C202_co_50.txt,0.021867,261.183143,2,234.265008
C203_co_50.txt,0.021100,284.961325,2,258.439793
C204_co_50.txt,0.032500,311.644158,2,275.158570
C205_co_50.txt,0.021200,281.020719,2,269.341418
C206_co_50.txt,0.021933,251.010009,2,235.201796
C207_co_50.txt,0.019333,312.722270,2,292.071371
C208_co_50.txt,0.025100,322.087068,2,286.144122
R101_co_50.txt,0.016667,466.059216,6,456.062346
R102_co_50.txt,0.020800,444.793249,5,429.676395
R103_co_50.txt,0.020733,346.116916,4,332.772888
R104_co_50.txt,0.023900,386.866392,4,379.273587
R105_co_50.txt,0.020800,446.038634,5,432.896649
R106_co_50.txt,0.019033,456.600179,5,450.923795
R107_co_50.txt,0.019700,401.256744,4,392.348284
R108_co_50.txt,0.018633,472.441597,4,441.780787
R109_co_50.txt,0.017800,514.240550,5,500.209398
R110_co_50.txt,0.020300,412.907121,4,400.688540
R111_co_50.txt,0.020167,373.885763,4,365.101400
R112_co_50.txt,0.014767,388.255468,4,376.986671
R201_co_50.txt,0.023400,428.906740,4,410.128000
R202_co_50.txt,0.021833,347.635581,3,322.778036
R203_co_50.txt,0.025233,344.144415,3,308.572502
R204_co_50.txt,0.028533,310.669130,2,297.787142
R205_co_50.txt,0.021467,383.719123,3,363.654645
R206_co_50.txt,0.026500,420.258653,2,384.765864
R207_co_50.txt,0.028833,347.309665,2,332.755116
R208_co_50.txt,0.032267,274.038453,2,262.049862
R209_co_50.txt,0.021867,396.355651,2,364.842365
R210_co_50.txt,0.029200,345.116518,3,322.208740
R211_co_50.txt,0.025000,372.868367,2,338.649436
RC101_co_50.txt,0.014267,687.087344,6,648.295518
RC102_co_50.txt,0.019967,601.771858,5,548.136720
RC103_co_50.txt,0.018067,482.877594,5,469.153076
RC104_co_50.txt,0.023300,582.951479,5,552.530639
RC105_co_50.txt,0.015533,594.157462,6,581.431314
RC106_co_50.txt,0.016300,612.417107,6,591.657640
RC107_co_50.txt,0.015833,640.911962,6,618.523769
RC108_co_50.txt,0.020000,547.244507,5,533.570233
RC201_co_50.txt,0.019800,643.801574,4,554.851653
RC202_co_50.txt,0.018833,474.130322,3,413.394409
RC203_co_50.txt,0.021033,454.855341,3,415.565828
RC204_co_50.txt,0.023333,370.672928,2,357.916792
RC205_co_50.txt,0.019800,509.298918,3,454.662414
RC206_co_50.txt,0.018267,502.866845,3,475.163409
RC207_co_50.txt,0.025067,387.976108,1,359.226673
RC208_co_50.txt,0.022867,303.016899,2,257.716732
C101_co_100.txt,0.260833,848.724842,10,825.086866
C102_co_100.txt,0.261267,1000.262157,10,952.017366
C103_co_100.txt,0.300467,883.907469,10,849.874310
C104_co_100.txt,0.271100,718.832267,10,697.140344
C105_co_100.txt,0.265367,1009.965326,10,964.897947
C106_co_100.txt,0.260433,914.790556,10,895.747854
C107_co_100.txt,0.315467,1033.984079,10,972.405126
C108_co_100.txt,0.225767,795.000243,10,783.974765
C109_co_100.txt,0.292833,822.308371,10,794.470695
C201_co_100.txt,0.277233,643.728898,4,589.185168
C202_co_100.txt,0.322100,571.943967,3,502.229646
C203_co_100.txt,0.382933,540.104111,4,510.419460
C204_co_100.txt,0.444833,555.420645,3,504.229910
C205_co_100.txt,0.347167,509.075951,3,457.804976
C206_co_100.txt,0.315667,671.231423,4,627.765821
C207_co_100.txt,0.365300,560.976791,3,465.574964
C208_co_100.txt,0.334833,605.397790,3,530.615547
R101_co_100.txt,0.239933,798.921062,11,774.292567
R102_co_100.txt,0.223133,748.667377,10,735.267595
R103_co_100.txt,0.272467,791.605129,10,758.878452
R104_co_100.txt,0.283800,689.178356,8,663.780349
R105_co_100.txt,0.228833,750.538257,9,727.866575
R106_co_100.txt,0.219867,713.976610,9,690.893019
R107_co_100.txt,0.278467,730.180850,8,698.025344
R108_co_100.txt,0.241167,557.023196,8,532.079839
R109_co_100.txt,0.210333,705.080350,8,669.560894
R110_co_100.txt,0.222367,690.232588,8,661.059940
R111_co_100.txt,0.233533,731.671589,9,720.453886
R112_co_100.txt,0.236700,723.944200,8,689.380550
R201_co_100.txt,0.279133,745.902204,7,693.409275
R202_co_100.txt,0.316200,659.301883,5,610.205481
R203_co_100.txt,0.361867,614.925452,4,570.239056
R204_co_100.txt,0.404400,439.069752,2,386.824917
R205_co_100.txt,0.277967,549.175878,3,505.814496
R206_co_100.txt,0.337200,574.263707,3,534.748946
R207_co_100.txt,0.365700,534.453304,3,486.643552
R208_co_100.txt,0.406700,398.138738,2,362.158580
R209_co_100.txt,0.343733,479.511696,3,446.233871
R210_co_100.txt,0.303667,604.159209,4,555.782363
R211_co_100.txt,0.332567,481.869703,3,453.889668
RC101_co_100.txt,0.199800,1022.380525,10,983.976441
RC102_co_100.txt,0.198900,989.968922,10,947.612433
RC103_co_100.txt,0.198800,1059.362645,10,1027.791618
RC104_co_100.txt,0.254267,890.834688,10,868.736873
RC105_co_100.txt,0.204167,1093.989163,11,1049.793080
RC106_co_100.txt,0.195100,837.567320,10,826.787669
RC107_co_100.txt,0.253867,827.913203,9,807.823817
RC108_co_100.txt,0.256300,977.889969,9,960.897573
RC201_co_100.txt,0.266367,780.673277,6,723.687997
RC202_co_100.txt,0.272333,666.896291,4,618.310340
RC203_co_100.txt,0.318533,728.430816,3,670.221823
RC204_co_100.txt,0.452600,528.899738,2,489.425385
RC205_co_100.txt,0.245233,813.336947,6,759.176811
RC206_co_100.txt,0.301933,649.198220,4,554.935204
RC207_co_100.txt,0.296700,658.503370,3,599.609267
RC208_co_100.txt,0.310667,542.834067,3,501.692175
