instance,avg_time,avg_cost,#_vehicles,best_cost
C101_co_25.txt,0.008700,199.800000,3,199.800000
C102_co_25.txt,0.009967,144.333333,3,143.500000
C103_co_25.txt,0.013067,203.900000,3,203.900000
C104_co_25.txt,0.012600,187.363333,3,182.100000
C105_co_25.txt,0.009433,206.916667,3,206.900000
C106_co_25.txt,0.009600,208.816667,3,208.800000
C107_co_25.txt,0.009600,206.900000,3,206.900000
C108_co_25.txt,0.007767,155.300000,3,155.300000
C109_co_25.txt,0.009433,140.733333,3,140.500000
C201_co_25.txt,0.013300,195.500000,2,195.500000
C202_co_25.txt,0.004467,119.600000,1,119.600000
C203_co_25.txt,0.007133,146.400000,1,146.400000
C204_co_25.txt,0.009267,145.900000,1,145.900000
C205_co_25.txt,0.013300,169.350000,2,168.200000
C206_co_25.txt,0.010833,171.300000,2,171.300000
C207_co_25.txt,0.009567,121.300000,1,121.300000
C208_co_25.txt,0.008667,162.200000,1,162.200000
R101_co_25.txt,0.008933,178.600000,2,178.600000
R102_co_25.txt,0.005367,187.800000,2,187.800000
R103_co_25.txt,0.004900,197.600000,2,197.600000
R104_co_25.txt,0.013133,238.900000,3,238.900000
R105_co_25.txt,0.005200,194.100000,2,194.100000
R106_co_25.txt,0.008067,178.266667,2,177.000000
R107_co_25.txt,0.010667,238.900000,3,238.900000
R108_co_25.txt,0.010200,251.900000,2,250.800000
R109_co_25.txt,0.010100,260.700000,3,260.700000
R110_co_25.txt,0.010667,239.323333,3,239.200000
R111_co_25.txt,0.010933,245.300000,2,245.300000
R112_co_25.txt,0.005933,185.600000,2,185.600000
R201_co_25.txt,0.009700,304.700000,3,304.700000
R202_co_25.txt,0.012767,257.800000,2,257.800000
R203_co_25.txt,0.009300,185.600000,2,185.600000
R204_co_25.txt,0.009200,154.200000,1,154.200000
R205_co_25.txt,0.011100,219.100000,1,219.100000
R206_co_25.txt,0.008100,195.800000,1,195.800000
R207_co_25.txt,0.007400,197.900000,1,197.900000
R208_co_25.txt,0.005233,163.800000,1,163.800000
R209_co_25.txt,0.010667,232.600000,1,232.600000
R210_co_25.txt,0.010000,279.100000,2,279.100000
R211_co_25.txt,0.005933,131.500000,1,131.500000
RC101_co_25.txt,0.007433,332.600000,3,332.600000
RC102_co_25.txt,0.006400,297.900000,3,297.900000
RC103_co_25.txt,0.005300,243.800000,3,243.800000
RC104_co_25.txt,0.009467,310.323333,3,309.400000
RC105_co_25.txt,0.005567,309.700000,3,309.700000
RC106_co_25.txt,0.007500,280.000000,3,280.000000
RC107_co_25.txt,0.009300,300.223333,3,299.900000
RC108_co_25.txt,0.007300,275.700000,3,275.700000
RC201_co_25.txt,0.011500,270.210000,2,270.200000
RC202_co_25.txt,0.014100,297.286667,3,293.900000
RC203_co_25.txt,0.008433,208.000000,1,208.000000
RC204_co_25.txt,0.005100,175.700000,1,175.700000
RC205_co_25.txt,0.012200,283.200000,3,283.200000
RC206_co_25.txt,0.011500,246.700000,2,246.700000
RC207_co_25.txt,0.012600,250.550000,2,250.500000
RC208_co_25.txt,0.009100,182.300000,1,182.300000
C101_co_50.txt,0.101400,370.610000,5,360.900000
C102_co_50.txt,0.102167,358.453333,5,351.200000
C103_co_50.txt,0.067567,310.880000,5,306.900000
C104_co_50.txt,0.085633,344.093333,5,340.700000
C105_co_50.txt,0.090233,370.090000,5,349.500000
C106_co_50.txt,0.077733,327.330000,5,321.900000
C107_co_50.txt,0.083133,330.276667,5,328.700000
C108_co_50.txt,0.085267,338.766667,5,338.500000
C109_co_50.txt,0.093800,329.910000,5,329.000000
C201_co_50.txt,0.084633,282.626667,2,282.200000
C202_co_50.txt,0.059733,227.600000,2,227.600000
C203_co_50.txt,0.064467,257.800000,2,257.800000
C204_co_50.txt,0.121300,274.880000,2,274.400000
C205_co_50.txt,0.057300,266.160000,2,266.100000
C206_co_50.txt,0.053433,237.033333,2,234.600000
C207_co_50.txt,0.100900,288.720000,2,288.700000
C208_co_50.txt,0.107467,285.300000,2,285.300000
R101_co_50.txt,0.066900,449.400000,5,449.400000
R102_co_50.txt,0.091000,422.900000,5,422.900000
R103_co_50.txt,0.060333,323.693333,4,316.600000
R104_co_50.txt,0.086433,380.183333,4,377.800000
R105_co_50.txt,0.058033,413.500000,5,413.500000
R106_co_50.txt,0.073867,449.693333,5,447.900000
R107_co_50.txt,0.123733,390.533333,4,389.000000
R108_co_50.txt,0.103600,456.360000,4,430.900000
R109_co_50.txt,0.108700,478.236667,4,475.300000
R110_co_50.txt,0.081933,396.303333,4,396.100000
R111_co_50.txt,0.066533,358.190000,4,358.100000
R112_co_50.txt,0.071367,370.956667,4,367.800000
R201_co_50.txt,0.125300,409.206667,4,409.200000
R202_co_50.txt,0.071033,320.110000,2,320.100000
R203_co_50.txt,0.073867,307.700000,3,307.700000
R204_co_50.txt,0.081867,297.100000,2,297.100000
R205_co_50.txt,0.159433,363.453333,3,358.000000
R206_co_50.txt,0.130267,383.800000,2,383.800000
R207_co_50.txt,0.107367,312.700000,2,312.700000
R208_co_50.txt,0.078967,247.200000,1,247.200000
R209_co_50.txt,0.098233,362.400000,2,358.600000
R210_co_50.txt,0.126700,320.163333,2,319.000000
R211_co_50.txt,0.150200,333.796667,2,329.400000
RC101_co_50.txt,0.072467,632.626667,6,630.800000
RC102_co_50.txt,0.074800,543.693333,5,538.300000
RC103_co_50.txt,0.043333,468.300000,5,468.300000
RC104_co_50.txt,0.081467,553.973333,5,551.400000
RC105_co_50.txt,0.065133,583.213333,6,578.300000
RC106_co_50.txt,0.062200,582.386667,5,555.600000
RC107_co_50.txt,0.085767,603.283333,5,595.300000
RC108_co_50.txt,0.067233,534.030000,5,532.800000
RC201_co_50.txt,0.093400,540.220000,4,538.500000
RC202_co_50.txt,0.069000,412.600000,3,412.600000
RC203_co_50.txt,0.100933,416.100000,3,415.000000
RC204_co_50.txt,0.087467,332.400000,1,332.300000
RC205_co_50.txt,0.110667,447.520000,4,440.800000
RC206_co_50.txt,0.123367,471.253333,3,470.200000
RC207_co_50.txt,0.060600,352.570000,1,352.500000
RC208_co_50.txt,0.047000,243.700000,1,243.700000
C101_co_100.txt,0.784167,817.806667,10,806.900000
C102_co_100.txt,1.039633,951.600000,10,919.000000
C103_co_100.txt,0.913367,845.510000,10,833.300000
C104_co_100.txt,0.792133,697.300000,10,689.500000
C105_co_100.txt,1.034033,946.546667,10,937.700000
C106_co_100.txt,1.073333,878.303333,10,860.100000
C107_co_100.txt,1.140167,975.696667,10,960.600000
C108_co_100.txt,0.766300,780.486667,10,768.800000
C109_co_100.txt,1.025167,791.410000,10,776.800000
C201_co_100.txt,1.058533,511.800000,3,511.800000
C202_co_100.txt,0.682833,479.293333,3,471.800000
C203_co_100.txt,0.895333,479.686667,3,478.400000
C204_co_100.txt,1.050633,493.833333,3,488.100000
C205_co_100.txt,0.567567,429.500000,3,429.500000
C206_co_100.txt,1.498567,583.660000,3,573.400000
C207_co_100.txt,0.959167,464.220000,3,460.700000
C208_co_100.txt,1.166400,516.506667,3,505.200000
R101_co_100.txt,0.995567,756.023333,10,753.500000
R102_co_100.txt,0.919167,691.026667,8,683.600000
R103_co_100.txt,1.212067,732.413333,9,723.600000
R104_co_100.txt,1.071700,660.646667,8,649.000000
R105_co_100.txt,0.925333,710.263333,8,702.400000
R106_co_100.txt,0.812333,649.526667,8,636.300000
R107_co_100.txt,1.056367,688.203333,8,671.400000
R108_co_100.txt,0.686667,529.570000,8,527.800000
R109_co_100.txt,1.004467,656.923333,8,649.300000
R110_co_100.txt,1.106767,647.346667,8,642.900000
R111_co_100.txt,1.104233,710.570000,8,705.800000
R112_co_100.txt,1.123000,687.300000,8,677.300000
R201_co_100.txt,1.369433,679.940000,5,678.100000
R202_co_100.txt,1.360200,601.413333,4,588.100000
R203_co_100.txt,1.527233,555.743333,4,549.000000
R204_co_100.txt,1.144700,383.300000,2,383.300000
R205_co_100.txt,1.066933,481.876667,3,478.500000
R206_co_100.txt,1.465600,521.740000,3,516.800000
R207_co_100.txt,1.246400,473.906667,2,473.700000
R208_co_100.txt,0.762667,354.500000,2,354.500000
R209_co_100.txt,1.351600,434.696667,3,432.300000
R210_co_100.txt,1.315200,549.536667,4,546.100000
R211_co_100.txt,1.175600,437.176667,3,426.000000
RC101_co_100.txt,0.909700,983.286667,10,968.600000
RC102_co_100.txt,0.957800,932.006667,9,919.600000
RC103_co_100.txt,1.147033,999.940000,9,976.000000
RC104_co_100.txt,1.009600,856.330000,9,826.800000
RC105_co_100.txt,1.192033,1035.926667,10,1019.200000
RC106_co_100.txt,0.656267,817.053333,9,807.300000
RC107_co_100.txt,0.773600,807.913333,9,802.700000
RC108_co_100.txt,1.174400,948.276667,9,933.700000
RC201_co_100.txt,1.156700,698.720000,5,697.600000
RC202_co_100.txt,1.271433,592.523333,5,585.100000
RC203_co_100.txt,1.158900,640.973333,3,635.700000
RC204_co_100.txt,0.829000,484.226667,2,481.800000
RC205_co_100.txt,1.433067,746.090000,5,743.700000
RC206_co_100.txt,1.244233,561.006667,4,553.600000
RC207_co_100.txt,1.701400,599.280000,4,593.800000
RC208_co_100.txt,1.058667,504.830000,2,496.200000
