instance avg_time avg_cost best_cost
C101_co_25,txt 0,009933 201,239395 200,205499
C102_co_25,txt 0,008333 155,942224 143,953098
C103_co_25,txt 0,008933 206,568402 204,405800
C104_co_25,txt 0,012267 201,624089 187,308535
C105_co_25,txt 0,010600 215,772648 211,040740
C106_co_25,txt 0,010567 217,454926 211,040740
C107_co_25,txt 0,011033 214,781942 210,253643
C108_co_25,txt 0,008733 158,369075 155,930633
C109_co_25,txt 0,008767 148,608126 141,267508
C201_co_25,txt 0,009367 213,857945 202,904762
C202_co_25,txt 0,008233 137,697210 129,635963
C203_co_25,txt 0,007667 160,722501 146,856490
C204_co_25,txt 0,011033 159,796687 146,322141
C205_co_25,txt 0,009467 195,766043 168,813208
C206_co_25,txt 0,009933 180,691134 171,729565
C207_co_25,txt 0,008367 128,136281 121,730993
C208_co_25,txt 0,009300 171,730580 163,466909
R101_co_25,txt 0,008400 185,828689 183,753963
R102_co_25,txt 0,007733 204,345861 202,361142
R103_co_25,txt 0,008833 213,612387 197,985582
R104_co_25,txt 0,009867 245,794947 239,514894
R105_co_25,txt 0,006100 205,167838 204,415521
R106_co_25,txt 0,009533 193,314724 186,738476
R107_co_25,txt 0,007800 258,491281 239,514894
R108_co_25,txt 0,009933 254,209044 252,490790
R109_co_25,txt 0,009867 270,555456 265,174323
R110_co_25,txt 0,008200 256,520263 239,799887
R111_co_25,txt 0,008867 259,207948 247,936466
R112_co_25,txt 0,008933 198,630548 186,085843
R201_co_25,txt 0,011667 327,697330 317,343872
R202_co_25,txt 0,008833 276,675263 258,403350
R203_co_25,txt 0,009367 192,519072 186,010007
R204_co_25,txt 0,011067 171,296327 154,567745
R205_co_25,txt 0,009933 244,579542 229,505638
R206_co_25,txt 0,009933 204,066745 196,136858
R207_co_25,txt 0,011667 215,558419 198,279198
R208_co_25,txt 0,008867 176,628053 164,016332
R209_co_25,txt 0,010500 253,054287 238,589846
R210_co_25,txt 0,010067 297,495750 279,626884
R211_co_25,txt 0,010467 144,527780 131,778098
RC101_co_25,txt 0,008367 365,937294 333,153187
RC102_co_25,txt 0,009367 312,445441 299,164335
RC103_co_25,txt 0,008267 245,377552 244,199598
RC104_co_25,txt 0,008933 313,150107 309,932164
RC105_co_25,txt 0,008233 310,968738 310,293151
RC106_co_25,txt 0,010500 284,113103 279,540470
RC107_co_25,txt 0,006733 335,613912 301,788402
RC108_co_25,txt 0,008200 295,600250 276,239334
RC201_co_25,txt 0,007833 289,876730 270,766864
RC202_co_25,txt 0,008400 321,027447 297,497205
RC203_co_25,txt 0,011067 242,114198 208,391726
RC204_co_25,txt 0,011033 178,503763 175,927135
RC205_co_25,txt 0,007200 304,221907 284,071523
RC206_co_25,txt 0,007233 256,763196 247,483414
RC207_co_25,txt 0,011033 287,131075 252,602779
RC208_co_25,txt 0,009533 209,157313 182,772697
C101_co_50,txt 0,067700 398,127801 372,957532
C102_co_50,txt 0,063167 374,209529 362,363288
C103_co_50,txt 0,072767 326,472141 318,095060
C104_co_50,txt 0,069467 348,446058 343,858497
C105_co_50,txt 0,065500 392,072845 357,977777
C106_co_50,txt 0,065533 341,913710 322,960146
C107_co_50,txt 0,059367 335,574150 330,125238
C108_co_50,txt 0,065367 340,429965 339,692171
C109_co_50,txt 0,075967 333,804567 329,804376
C201_co_50,txt 0,068767 301,372924 285,545075
C202_co_50,txt 0,063900 255,212077 228,424800
C203_co_50,txt 0,059900 285,834672 258,439793
C204_co_50,txt 0,091067 293,817265 275,158570
C205_co_50,txt 0,063233 279,891512 270,616768
C206_co_50,txt 0,062667 252,087699 235,201796
C207_co_50,txt 0,069967 300,691648 289,974515
C208_co_50,txt 0,067700 311,194558 286,144122
R101_co_50,txt 0,063367 469,140556 456,062346
R102_co_50,txt 0,063867 447,527433 429,676395
R103_co_50,txt 0,068300 351,832996 332,772888
R104_co_50,txt 0,074900 393,878875 379,273587
R105_co_50,txt 0,063167 443,692498 432,457685
R106_co_50,txt 0,064933 459,836582 451,558725
R107_co_50,txt 0,072100 399,165365 392,348284
R108_co_50,txt 0,060400 470,143922 457,295867
R109_co_50,txt 0,066567 509,951775 500,209398
R110_co_50,txt 0,077133 417,355500 403,049219
R111_co_50,txt 0,074900 373,302329 365,101400
R112_co_50,txt 0,062733 388,976811 376,986671
R201_co_50,txt 0,071633 425,486999 410,128000
R202_co_50,txt 0,076633 345,321905 323,108504
R203_co_50,txt 0,067700 336,883253 308,572502
R204_co_50,txt 0,078300 309,084483 297,787142
R205_co_50,txt 0,068267 373,856022 353,845601
R206_co_50,txt 0,080533 416,900623 384,765864
R207_co_50,txt 0,085533 341,400268 334,510746
R208_co_50,txt 0,080033 275,798918 262,049862
R209_co_50,txt 0,075367 383,107255 364,842365
R210_co_50,txt 0,078833 346,925712 320,185715
R211_co_50,txt 0,082667 357,692206 336,525759
RC101_co_50,txt 0,058233 690,273000 655,741950
RC102_co_50,txt 0,069400 612,815304 565,256589
RC103_co_50,txt 0,067167 484,677236 469,153076
RC104_co_50,txt 0,076167 587,681764 552,530639
RC105_co_50,txt 0,057767 602,817253 581,431314
RC106_co_50,txt 0,060333 623,358460 591,657640
RC107_co_50,txt 0,061033 642,551301 618,983081
RC108_co_50,txt 0,065467 547,431784 533,570233
RC201_co_50,txt 0,069367 615,467190 539,544307
RC202_co_50,txt 0,059433 452,867367 413,394409
RC203_co_50,txt 0,061567 470,083641 417,708110
RC204_co_50,txt 0,070433 379,700046 357,916792
RC205_co_50,txt 0,073300 497,726913 476,965694
RC206_co_50,txt 0,063833 504,383811 471,708024
RC207_co_50,txt 0,084433 386,266114 358,559771
RC208_co_50,txt 0,081500 280,336994 257,716732
C101_co_100,txt 0,620533 848,615588 829,686110
C102_co_100,txt 0,543367 1011,811861 951,019820
C103_co_100,txt 0,663367 888,115782 843,626239
C104_co_100,txt 0,568900 713,168999 696,854261
C105_co_100,txt 0,606267 1001,623181 972,749709
C106_co_100,txt 0,656633 912,957273 877,015317
C107_co_100,txt 0,569000 1037,445326 981,404287
C108_co_100,txt 0,661667 789,990538 782,863496
C109_co_100,txt 0,676000 820,307988 795,960320
C201_co_100,txt 0,648967 624,314186 594,421165
C202_co_100,txt 0,746633 535,872940 500,233847
C203_co_100,txt 0,767100 541,263197 509,778499
C204_co_100,txt 0,859267 534,031231 503,270706
C205_co_100,txt 0,718233 499,260504 458,858251
C206_co_100,txt 0,671833 646,032694 594,269983
C207_co_100,txt 0,643767 524,390830 466,576205
C208_co_100,txt 0,758167 581,238674 528,218083
R101_co_100,txt 0,570000 795,219398 774,901873
R102_co_100,txt 0,521633 751,497560 733,840715
R103_co_100,txt 0,629467 793,199971 766,725932
R104_co_100,txt 0,738333 687,177635 660,403109
R105_co_100,txt 0,662733 751,910720 728,416769
R106_co_100,txt 0,615867 714,765914 692,929224
R107_co_100,txt 0,733133 725,259021 706,860559
R108_co_100,txt 0,670500 557,591664 531,486545
R109_co_100,txt 0,604033 698,671448 667,480078
R110_co_100,txt 0,654500 693,641509 664,225924
R111_co_100,txt 0,565767 732,165011 715,539014
R112_co_100,txt 0,577533 722,813450 698,815602
R201_co_100,txt 0,638967 719,498392 698,079500
R202_co_100,txt 0,726100 632,985712 592,807012
R203_co_100,txt 0,778867 591,775879 551,002851
R204_co_100,txt 0,803433 418,437831 384,937879
R205_co_100,txt 0,740500 522,084893 480,353644
R206_co_100,txt 0,866367 564,990406 531,791660
R207_co_100,txt 0,920500 519,463677 492,159478
R208_co_100,txt 0,978833 385,309586 361,768140
R209_co_100,txt 0,782000 455,510071 440,058624
R210_co_100,txt 0,747533 580,518006 564,705153
R211_co_100,txt 0,949100 476,742299 453,410752
RC101_co_100,txt 0,565000 1043,561954 985,118007
RC102_co_100,txt 0,581300 989,938449 953,907707
RC103_co_100,txt 0,568133 1060,322351 1030,553842
RC104_co_100,txt 0,605633 892,240068 859,953482
RC105_co_100,txt 0,485667 1091,779217 1063,285178
RC106_co_100,txt 0,592733 839,733410 817,413524
RC107_co_100,txt 0,661133 831,031176 807,560827
RC108_co_100,txt 0,587167 978,586748 946,499079
RC201_co_100,txt 0,664533 756,732785 714,828587
RC202_co_100,txt 0,725033 646,368491 607,379803
RC203_co_100,txt 0,768767 721,145967 667,240469
RC204_co_100,txt 1,083500 520,110804 482,899711
RC205_co_100,txt 0,643267 796,409994 751,664244
RC206_co_100,txt 0,726567 610,782845 554,935204
RC207_co_100,txt 0,736200 645,483360 599,611278
RC208_co_100,txt 0,820867 538,596384 506,099355
