instance,avg_time,avg_cost,#_vehicles,best_cost
C101_co_25.txt,0.009000,199.800000,3,199.800000
C102_co_25.txt,0.009467,144.816667,3,143.500000
C103_co_25.txt,0.011100,203.900000,3,203.900000
C104_co_25.txt,0.013500,187.553333,3,182.100000
C105_co_25.txt,0.011233,206.900000,3,206.900000
C106_co_25.txt,0.011300,208.800000,3,208.800000
C107_co_25.txt,0.010233,206.900000,3,206.900000
C108_co_25.txt,0.008367,155.300000,3,155.300000
C109_co_25.txt,0.010467,141.130000,3,140.500000
C201_co_25.txt,0.017200,195.500000,2,195.500000
C202_co_25.txt,0.005767,119.600000,1,119.600000
C203_co_25.txt,0.008067,146.400000,1,146.400000
C204_co_25.txt,0.009933,145.900000,1,145.900000
C205_co_25.txt,0.015300,169.350000,2,168.200000
C206_co_25.txt,0.011700,171.300000,2,171.300000
C207_co_25.txt,0.009500,121.300000,1,121.300000
C208_co_25.txt,0.010433,162.200000,1,162.200000
R101_co_25.txt,0.007500,178.600000,2,178.600000
R102_co_25.txt,0.005633,187.800000,2,187.800000
R103_co_25.txt,0.005000,197.600000,2,197.600000
R104_co_25.txt,0.013333,238.900000,3,238.900000
R105_co_25.txt,0.004867,194.100000,2,194.100000
R106_co_25.txt,0.008333,178.266667,2,177.000000
R107_co_25.txt,0.011300,238.900000,3,238.900000
R108_co_25.txt,0.010067,252.196667,2,250.800000
R109_co_25.txt,0.010000,260.700000,3,260.700000
R110_co_25.txt,0.012733,239.200000,3,239.200000
R111_co_25.txt,0.008667,245.300000,2,245.300000
R112_co_25.txt,0.006700,185.600000,2,185.600000
R201_co_25.txt,0.010467,304.700000,3,304.700000
R202_co_25.txt,0.013300,257.933333,2,257.800000
R203_co_25.txt,0.012767,185.626667,2,185.600000
R204_co_25.txt,0.011300,154.200000,1,154.200000
R205_co_25.txt,0.012867,219.100000,1,219.100000
R206_co_25.txt,0.008900,195.800000,1,195.800000
R207_co_25.txt,0.011967,197.900000,1,197.900000
R208_co_25.txt,0.008900,163.800000,1,163.800000
R209_co_25.txt,0.010633,232.600000,1,232.600000
R210_co_25.txt,0.010900,279.100000,2,279.100000
R211_co_25.txt,0.007367,131.500000,1,131.500000
RC101_co_25.txt,0.008067,332.600000,3,332.600000
RC102_co_25.txt,0.006133,297.900000,3,297.900000
RC103_co_25.txt,0.006067,243.800000,3,243.800000
RC104_co_25.txt,0.010533,309.493333,3,309.400000
RC105_co_25.txt,0.005467,309.700000,3,309.700000
RC106_co_25.txt,0.008567,279.970000,4,279.100000
RC107_co_25.txt,0.013167,299.900000,3,299.900000
RC108_co_25.txt,0.008767,275.700000,3,275.700000
RC201_co_25.txt,0.012767,270.210000,2,270.200000
RC202_co_25.txt,0.019567,295.593333,3,293.900000
RC203_co_25.txt,0.011433,208.000000,1,208.000000
RC204_co_25.txt,0.007633,175.700000,1,175.700000
RC205_co_25.txt,0.016100,283.200000,3,283.200000
RC206_co_25.txt,0.011800,246.700000,2,246.700000
RC207_co_25.txt,0.011800,250.500000,2,250.500000
RC208_co_25.txt,0.008400,182.300000,1,182.300000
C101_co_50.txt,0.109400,369.896667,5,366.800000
C102_co_50.txt,0.109567,359.066667,5,354.400000
C103_co_50.txt,0.071933,311.570000,5,306.900000
C104_co_50.txt,0.088133,344.143333,5,341.700000
C105_co_50.txt,0.091133,366.576667,5,349.500000
C106_co_50.txt,0.085200,325.616667,5,321.900000
C107_co_50.txt,0.085267,330.413333,5,328.700000
C108_co_50.txt,0.084267,338.773333,5,338.500000
C109_co_50.txt,0.094200,330.073333,5,329.000000
C201_co_50.txt,0.077667,283.266667,2,282.200000
C202_co_50.txt,0.066233,227.600000,2,227.600000
C203_co_50.txt,0.063500,257.800000,2,257.800000
C204_co_50.txt,0.144133,274.986667,2,274.400000
C205_co_50.txt,0.057200,266.160000,2,266.100000
C206_co_50.txt,0.054700,235.573333,2,234.600000
C207_co_50.txt,0.107633,288.713333,2,288.700000
C208_co_50.txt,0.118600,285.300000,2,285.300000
R101_co_50.txt,0.069267,449.400000,5,449.400000
R102_co_50.txt,0.091467,422.900000,5,422.900000
R103_co_50.txt,0.064600,327.010000,4,316.600000
R104_co_50.txt,0.096733,380.090000,4,372.400000
R105_co_50.txt,0.065833,413.500000,5,413.500000
R106_co_50.txt,0.080067,449.043333,5,448.100000
R107_co_50.txt,0.120067,390.173333,4,389.000000
R108_co_50.txt,0.114833,444.566667,4,426.500000
R109_co_50.txt,0.130467,479.773333,4,475.300000
R110_co_50.txt,0.098933,396.290000,4,391.700000
R111_co_50.txt,0.069733,358.100000,4,358.100000
R112_co_50.txt,0.085200,371.203333,4,367.800000
R201_co_50.txt,0.157767,409.213333,4,409.200000
R202_co_50.txt,0.086400,320.100000,2,320.100000
R203_co_50.txt,0.110767,308.223333,3,307.700000
R204_co_50.txt,0.087033,297.466667,2,297.100000
R205_co_50.txt,0.176533,362.760000,3,358.000000
R206_co_50.txt,0.143433,383.800000,2,383.800000
R207_co_50.txt,0.115400,312.700000,2,312.700000
R208_co_50.txt,0.083900,247.200000,1,247.200000
R209_co_50.txt,0.109567,364.300000,2,358.600000
R210_co_50.txt,0.133567,321.070000,2,319.000000
R211_co_50.txt,0.163200,332.136667,2,329.400000
RC101_co_50.txt,0.068533,629.036667,5,627.700000
RC102_co_50.txt,0.085433,541.510000,5,538.300000
RC103_co_50.txt,0.047033,468.300000,5,468.300000
RC104_co_50.txt,0.077467,547.760000,5,546.100000
RC105_co_50.txt,0.062733,584.160000,6,578.300000
RC106_co_50.txt,0.071133,579.686667,5,555.600000
RC107_co_50.txt,0.073900,578.800000,5,578.800000
RC108_co_50.txt,0.073500,534.156667,5,532.800000
RC201_co_50.txt,0.109100,542.800000,4,538.500000
RC202_co_50.txt,0.079200,412.600000,3,412.600000
RC203_co_50.txt,0.108400,416.123333,3,415.000000
RC204_co_50.txt,0.093233,332.350000,1,332.300000
RC205_co_50.txt,0.120633,447.100000,4,440.800000
RC206_co_50.txt,0.125633,471.086667,3,470.200000
RC207_co_50.txt,0.068167,352.523333,1,352.500000
RC208_co_50.txt,0.050200,243.700000,1,243.700000
C101_co_100.txt,0.835000,818.963333,10,806.900000
C102_co_100.txt,1.285967,954.523333,10,924.200000
C103_co_100.txt,1.004900,844.176667,10,834.700000
C104_co_100.txt,0.960367,695.516667,10,689.500000
C105_co_100.txt,1.030367,945.906667,10,933.000000
C106_co_100.txt,1.263533,877.080000,10,865.400000
C107_co_100.txt,1.233400,982.953333,10,960.600000
C108_co_100.txt,1.043833,778.510000,10,768.800000
C109_co_100.txt,1.474367,790.426667,10,781.200000
C201_co_100.txt,1.569400,511.800000,3,511.800000
C202_co_100.txt,1.028667,480.656667,3,471.800000
C203_co_100.txt,1.390167,480.073333,3,478.400000
C204_co_100.txt,1.382667,494.436667,3,488.100000
C205_co_100.txt,0.840467,429.500000,3,429.500000
C206_co_100.txt,1.845600,584.113333,3,573.400000
C207_co_100.txt,1.371500,467.923333,3,460.700000
C208_co_100.txt,1.784267,514.403333,3,505.200000
R101_co_100.txt,1.527333,756.420000,10,753.500000
R102_co_100.txt,1.410200,687.960000,8,685.000000
R103_co_100.txt,2.099467,729.203333,9,723.500000
R104_co_100.txt,1.655700,658.353333,8,647.600000
R105_co_100.txt,1.454000,709.550000,8,702.400000
R106_co_100.txt,1.473867,648.560000,8,636.300000
R107_co_100.txt,1.710167,688.360000,8,671.400000
R108_co_100.txt,1.140933,528.853333,8,527.800000
R109_co_100.txt,1.666000,660.583333,8,649.300000
R110_co_100.txt,1.308467,648.903333,8,643.200000
R111_co_100.txt,1.367567,709.100000,8,705.800000
R112_co_100.txt,1.596867,684.460000,8,678.100000
R201_co_100.txt,1.932600,680.740000,5,678.100000
R202_co_100.txt,1.709567,602.540000,4,588.100000
R203_co_100.txt,2.653633,552.546667,4,549.000000
R204_co_100.txt,1.759067,383.300000,2,383.300000
R205_co_100.txt,1.741433,485.720000,3,478.500000
R206_co_100.txt,1.993600,521.540000,3,516.800000
R207_co_100.txt,1.976933,474.003333,2,473.700000
R208_co_100.txt,1.101533,354.500000,2,354.500000
R209_co_100.txt,1.780867,435.316667,3,432.300000
R210_co_100.txt,2.114433,550.143333,4,546.100000
R211_co_100.txt,1.767700,439.213333,3,426.000000
RC101_co_100.txt,1.487433,983.706667,10,972.700000
RC102_co_100.txt,1.379300,928.786667,9,915.800000
RC103_co_100.txt,1.736867,1005.680000,9,976.000000
RC104_co_100.txt,1.889200,856.763333,9,830.500000
RC105_co_100.txt,1.756600,1035.850000,10,1016.100000
RC106_co_100.txt,0.978533,806.670000,9,803.800000
RC107_co_100.txt,1.252133,807.920000,9,802.700000
RC108_co_100.txt,1.506800,945.703333,9,927.000000
RC201_co_100.txt,1.787267,698.723333,5,697.600000
RC202_co_100.txt,1.880867,591.420000,5,585.100000
RC203_co_100.txt,1.879233,637.063333,3,635.700000
RC204_co_100.txt,1.331267,484.096667,2,481.800000
RC205_co_100.txt,2.343633,745.773333,5,743.700000
RC206_co_100.txt,2.072233,559.570000,4,553.600000
RC207_co_100.txt,2.759033,597.316667,4,593.800000
RC208_co_100.txt,1.828567,500.850000,2,496.200000
