25	2
25	200
10
30
10
10
10
20
20
20
10
10
10
20
30
10
40
40
20
20
10
10
20
20
10
10
40
40	50	0	1236	0	0
45	68	912	967	90	2
45	70	825	870	90	2
42	66	65	146	90	2
42	68	727	782	90	3
42	65	15	67	90	3
40	69	621	702	90	3
40	66	170	225	90	1
38	68	255	324	90	3
38	70	534	605	90	3
35	66	357	410	90	2
35	69	448	505	90	1
25	85	652	721	90	1
22	75	30	92	90	1
22	85	567	620	90	2
20	80	384	429	90	1
20	85	475	528	90	1
18	75	99	148	90	3
15	75	179	254	90	2
15	80	278	345	90	1
30	50	10	73	90	1
30	52	914	965	90	1
28	52	812	883	90	2
28	55	732	777	90	2
25	50	65	144	90	2
25	52	169	224	90	2
25	85	0	1236	45	4
25	54	0	1236	45	4
0	1	
1	0	
0	1	
0	1	
0	1	
0	1	
0	0	
0	1	
1	0	
0	1	
0	0	
0	0	
0	0	
1	0	
0	0	
0	0	
1	0	
1	0	
0	0	
0	0	
0	0	
0	1	
0	1	
0	1	
0	1	
