25	2
25	200
10
30
10
10
10
20
20
20
10
10
10
20
30
10
40
40
20
20
10
10
20
20
10
10
40
40	50	0	1236	0	0
45	68	885	994	90	2
45	70	802	893	90	1
42	66	25	186	90	1
42	68	699	810	90	2
42	65	15	120	90	2
40	69	580	743	90	2
40	66	142	253	90	3
38	68	220	359	90	3
38	70	499	640	90	1
35	66	331	436	90	3
35	69	420	533	90	1
25	85	617	756	90	3
22	75	30	155	90	2
22	85	541	646	90	3
20	80	362	451	90	3
20	85	448	555	90	1
18	75	75	172	90	2
15	75	142	291	90	3
15	80	244	379	90	1
30	50	10	137	90	1
30	52	888	991	90	2
28	52	776	919	90	2
28	55	709	800	90	2
25	50	25	184	90	1
25	52	142	251	90	1
20	50	0	1236	45	4
29	81	0	1236	45	4
0	1	
0	0	
0	0	
0	1	
0	1	
0	1	
0	1	
0	1	
0	0	
0	1	
0	0	
0	1	
0	1	
0	1	
0	1	
0	0	
0	1	
0	1	
0	0	
0	0	
1	0	
1	0	
1	0	
0	0	
0	0	
