25	2
25	200
10
30
10
10
10
20
20
20
10
10
10
20
30
10
40
40
20
20
10
10
20
20
10
10
40
40	50	0	1236	0	0
45	68	830	1049	90	3
45	70	756	939	90	3
42	66	16	336	90	3
42	68	643	866	90	1
42	65	15	226	90	2
40	69	499	824	90	1
40	66	87	308	90	3
38	68	150	429	90	2
38	70	429	710	90	3
35	66	279	488	90	1
35	69	363	590	90	2
25	85	547	826	90	1
22	75	30	280	90	2
22	85	489	698	90	3
20	80	318	495	90	1
20	85	394	609	90	3
18	75	33	226	90	1
15	75	68	365	90	1
15	80	176	447	90	3
30	50	10	265	90	2
30	52	836	1043	90	1
28	52	704	991	90	2
28	55	664	845	90	2
25	50	15	333	90	2
25	52	88	305	90	2
44	58	0	1236	45	4
25	81	0	1236	45	4
1	1	
1	0	
1	0	
0	0	
1	0	
0	0	
1	1	
1	1	
1	0	
0	0	
1	1	
0	0	
0	1	
1	1	
0	0	
1	1	
0	0	
0	0	
0	1	
1	0	
0	0	
1	0	
1	1	
1	0	
1	1	
