25 2
25 700
10
30
10
10
10
20
20
20
10
10
10
20
30
10
40
40
20
20
10
10
20
20
10
10
40
40 50 0 3390 0 0
52 75 0 3272 90 1
45 70 0 3279 90 2
62 69 0 3270 90 1
60 66 1261 1421 90 2
42 65 0 3284 90 3
16 42 497 657 90 2
58 70 0 3273 90 2
34 60 2887 3047 90 3
28 70 2601 2761 90 2
35 66 2791 2951 90 3
35 69 2698 2858 90 1
25 85 0 3261 90 3
22 75 2405 2565 90 2
22 85 2026 2186 90 3
20 80 2216 2376 90 3
20 85 1934 2094 90 2
18 75 2311 2471 90 2
15 75 1742 1902 90 2
15 80 1837 1997 90 2
30 50 10 170 90 2
30 56 0 3288 90 3
28 52 22 182 90 2
14 66 1643 1803 90 1
25 50 116 276 90 1
22 66 2504 2664 90 2
40 61 0 3390 45 4
52 64 0 3390 45 4
0 0
0 1
0 0
0 1
1 0
1 1
1 1
1 1
1 1
1 0
0 0
1 1
1 1
1 1
1 1
1 1
1 1
1 1
1 1
1 0
1 0
1 0
0 0
0 0
1 0
