25 2
25 700
10
30
10
10
10
20
20
20
10
10
10
20
30
10
40
40
20
20
10
10
20
20
10
10
40
40 50 0 3390 0 0
52 75 213 568 90 1
45 70 22 563 90 1
62 69 1030 1463 90 3
60 66 1154 1527 90 1
42 65 15 402 90 1
16 42 331 822 90 1
58 70 965 1340 90 2
34 60 2653 3280 90 3
28 70 2385 2976 90 2
35 66 2628 3113 90 2
35 69 2603 2952 90 3
25 85 1985 2412 90 3
22 75 2310 2659 90 2
22 85 1846 2365 90 3
20 80 2077 2514 90 3
20 85 1763 2264 90 2
18 75 2143 2638 90 1
15 75 1560 2083 90 1
15 80 1689 2144 90 2
30 50 10 645 90 3
30 56 2675 3288 90 2
28 52 12 505 90 1
14 66 1519 1926 90 2
25 50 23 368 90 1
22 66 2380 2787 90 3
29 74 0 3390 45 4
23 57 0 3390 45 4
0 0
0 0
1 0
0 0
0 0
0 0
1 0
0 1
1 1
1 0
1 1
1 1
1 1
1 1
1 1
1 0
0 0
0 0
1 0
1 1
1 1
0 0
0 1
0 0
0 1
