25 2
25 700
10
30
10
10
10
20
20
20
10
10
10
20
30
10
40
40
20
20
10
10
20
20
10
10
40
40 50 0 3390 0 0
52 75 71 711 90 2
45 70 20 660 90 1
62 69 927 1567 90 1
60 66 1021 1661 90 2
42 65 15 655 90 2
16 42 257 897 90 2
58 70 833 1473 90 3
34 60 2647 3287 90 3
28 70 2361 3001 90 1
35 66 2551 3191 90 3
35 69 2458 3098 90 1
25 85 1879 2519 90 3
22 75 2165 2805 90 2
22 85 1786 2426 90 3
20 80 1976 2616 90 3
20 85 1694 2334 90 1
18 75 2071 2711 90 2
15 75 1502 2142 90 3
15 80 1597 2237 90 1
30 50 10 650 90 1
30 56 2648 3288 90 2
28 52 12 652 90 2
14 66 1403 2043 90 2
25 50 15 655 90 1
22 66 2264 2904 90 1
43 70 0 3390 45 4
55 69 0 3390 45 4
0 1
0 0
0 0
0 1
1 1
1 1
0 1
1 1
0 0
1 1
0 0
1 1
1 1
1 1
1 1
0 0
1 1
1 1
0 0
0 0
1 0
1 0
1 0
0 0
0 0
