25	2
25	200
10
7
13
19
26
3
5
9
16
16
12
19
23
20
8
19
2
12
17
9
11
18
29
3
6
35	35	0	230	0	0
41	49	0	204	10	2
35	17	0	202	10	3
55	45	0	197	10	1
55	20	149	159	10	1
15	30	0	199	10	1
25	30	0	208	10	1
20	50	0	198	10	3
10	43	95	105	10	3
55	60	97	107	10	1
30	60	0	194	10	1
20	65	67	77	10	2
50	35	0	205	10	1
30	25	159	169	10	1
15	10	0	187	10	2
30	5	61	71	10	3
10	20	0	190	10	3
5	30	0	189	10	2
20	40	0	204	10	1
15	60	0	187	10	2
45	65	0	188	10	1
45	20	0	201	10	3
45	10	0	193	10	1
55	5	68	78	10	2
65	35	0	190	10	1
65	20	172	182	10	2
26	53	0	230	5	4
25	24	0	230	5	4
1	0	
0	1	
0	0	
0	0	
0	0	
0	0	
1	0	
1	0	
0	0	
0	0	
1	0	
0	0	
0	0	
0	1	
0	1	
0	1	
0	1	
0	0	
1	0	
0	0	
0	1	
0	0	
0	1	
0	0	
0	1	
