25	2
25	200
10
7
13
19
26
3
5
9
16
16
12
19
23
20
8
19
2
12
17
9
11
18
29
3
6
35	35	0	230	0	0
41	49	151	181	10	3
35	17	40	70	10	2
55	45	106	136	10	1
55	20	139	169	10	2
15	30	24	54	10	3
25	30	89	119	10	3
20	50	71	101	10	3
10	43	85	115	10	2
55	60	87	117	10	1
30	60	114	144	10	2
20	65	57	87	10	3
50	35	53	83	10	1
30	25	149	179	10	2
15	10	32	62	10	2
30	5	51	81	10	2
10	20	65	95	10	1
5	30	147	177	10	3
20	40	77	107	10	3
15	60	66	96	10	2
45	65	116	146	10	2
45	20	52	82	10	2
45	10	87	117	10	2
55	5	58	88	10	3
65	35	143	173	10	1
65	20	156	186	10	2
64	23	0	230	5	4
39	47	0	230	5	4
0	1	
1	0	
0	0	
1	0	
0	1	
0	1	
0	1	
0	1	
0	0	
0	1	
0	1	
0	0	
0	1	
0	1	
1	0	
0	0	
0	1	
0	1	
0	1	
0	1	
1	0	
1	0	
1	0	
0	0	
1	0	
