25	2
25	200
20
30
10
40
20
20
20
10
20
30
40
20
10
10
20
20
20
20
40
10
10
40
30
10
20
40	50	0	240	0	0
25	85	0	191	10	2
22	75	0	199	10	1
22	85	0	190	10	2
20	80	141	171	10	3
20	85	0	189	10	3
18	75	95	125	10	2
15	75	0	194	10	1
15	80	91	121	10	3
10	35	91	121	10	3
10	40	119	149	10	3
8	40	59	89	10	3
8	45	0	197	10	2
5	35	142	172	10	1
5	45	35	65	10	2
2	40	58	88	10	1
0	40	72	102	10	3
0	45	149	179	10	1
44	5	87	117	10	3
42	10	72	102	10	3
42	15	122	152	10	3
40	5	0	185	10	3
40	15	92	122	10	2
38	5	65	95	10	2
38	15	148	178	10	1
35	5	154	184	10	1
5	25	0	240	5	4
36	34	0	240	5	4
0	1	
0	0	
0	1	
0	1	
0	1	
0	1	
0	0	
0	1	
1	0	
1	0	
1	0	
1	0	
0	0	
1	0	
0	0	
1	0	
0	0	
0	1	
0	1	
0	1	
0	1	
0	1	
0	1	
0	0	
0	0	
