25	2
25	1000
20
30
10
40
20
20
20
10
20
30
40
20
10
10
20
20
20
20
40
10
10
40
30
10
20
40	50	0	960	0	0
25	85	591	874	10	1
22	75	73	350	10	1
22	85	473	588	10	3
20	80	418	913	10	1
20	85	40	390	10	1
18	75	249	646	10	1
15	75	281	438	10	2
15	80	272	581	10	3
10	35	236	625	10	2
10	40	470	687	10	2
8	40	33	510	10	3
8	45	166	399	10	3
5	35	359	911	10	2
5	45	35	457	10	3
2	40	39	538	10	3
0	40	214	415	10	2
0	45	359	909	10	1
44	5	338	451	10	1
42	10	205	422	10	2
42	15	511	682	10	3
40	5	158	391	10	2
40	15	263	606	10	1
38	5	45	522	10	2
38	15	598	883	10	1
35	5	348	904	10	3
42	61	0	960	5	4
8	18	0	960	5	4
0	0	
0	0	
1	0	
0	0	
0	0	
0	0	
1	0	
1	0	
0	1	
0	1	
0	1	
0	1	
0	1	
0	1	
0	1	
0	1	
0	0	
0	0	
0	1	
0	1	
0	1	
0	0	
0	1	
0	0	
0	1	
