25	2
25	1000
20
30
10
40
20
20
20
10
20
30
40
20
10
10
20
20
20
20
40
10
10
40
30
10
20
40	50	0	960	0	0
25	85	0	911	10	2
22	75	0	919	10	3
22	85	0	910	10	2
20	80	644	764	10	2
20	85	0	909	10	1
18	75	0	916	10	3
15	75	0	914	10	2
15	80	367	487	10	3
10	35	371	491	10	1
10	40	0	918	10	1
8	40	195	315	10	2
8	45	0	917	10	3
5	35	653	773	10	2
5	45	0	914	10	2
2	40	174	294	10	2
0	40	0	908	10	1
0	45	0	909	10	3
44	5	0	904	10	2
42	10	0	909	10	2
42	15	0	914	10	3
40	5	0	905	10	3
40	15	0	915	10	1
38	5	201	321	10	2
38	15	0	914	10	3
35	5	784	904	10	3
14	67	0	960	5	4
19	27	0	960	5	4
1	0	
1	0	
1	0	
1	0	
0	0	
1	0	
1	0	
1	0	
0	0	
0	0	
0	1	
0	1	
0	1	
0	1	
0	1	
0	0	
1	0	
0	1	
0	1	
0	1	
0	1	
0	0	
0	1	
0	1	
0	1	
