instance,avg_time,avg_cost,#_vehicles,best_cost
C101_co_25.txt,0.011633,199.800000,3,199.800000
C102_co_25.txt,0.015700,144.050000,3,143.500000
C103_co_25.txt,0.013267,203.900000,3,203.900000
C104_co_25.txt,0.015000,187.173333,3,182.100000
C105_co_25.txt,0.014700,206.916667,3,206.900000
C106_co_25.txt,0.015133,208.816667,3,208.800000
C107_co_25.txt,0.013200,206.916667,3,206.900000
C108_co_25.txt,0.011567,155.300000,3,155.300000
C109_co_25.txt,0.015767,140.653333,3,140.500000
C201_co_25.txt,0.015767,195.500000,2,195.500000
C202_co_25.txt,0.008067,119.600000,1,119.600000
C203_co_25.txt,0.010600,146.400000,1,146.400000
C204_co_25.txt,0.012500,145.900000,1,145.900000
C205_co_25.txt,0.013900,168.200000,2,168.200000
C206_co_25.txt,0.014500,171.300000,2,171.300000
C207_co_25.txt,0.013133,121.300000,1,121.300000
C208_co_25.txt,0.012833,162.200000,1,162.200000
R101_co_25.txt,0.010167,178.600000,2,178.600000
R102_co_25.txt,0.009267,187.800000,2,187.800000
R103_co_25.txt,0.008533,197.600000,2,197.600000
R104_co_25.txt,0.016367,238.900000,3,238.900000
R105_co_25.txt,0.009000,194.100000,2,194.100000
R106_co_25.txt,0.011567,177.000000,2,177.000000
R107_co_25.txt,0.015500,238.900000,3,238.900000
R108_co_25.txt,0.015300,251.363333,2,250.800000
R109_co_25.txt,0.013167,260.700000,3,260.700000
R110_co_25.txt,0.015000,239.200000,3,239.200000
R111_co_25.txt,0.011900,245.300000,2,245.300000
R112_co_25.txt,0.009700,185.600000,2,185.600000
R201_co_25.txt,0.012767,304.700000,3,304.700000
R202_co_25.txt,0.016833,257.800000,2,257.800000
R203_co_25.txt,0.012967,185.600000,2,185.600000
R204_co_25.txt,0.011867,154.200000,1,154.200000
R205_co_25.txt,0.016400,219.100000,1,219.100000
R206_co_25.txt,0.012067,195.800000,1,195.800000
R207_co_25.txt,0.011133,197.900000,1,197.900000
R208_co_25.txt,0.008633,163.800000,1,163.800000
R209_co_25.txt,0.013433,232.600000,1,232.600000
R210_co_25.txt,0.014000,279.100000,2,279.100000
R211_co_25.txt,0.009867,131.500000,1,131.500000
RC101_co_25.txt,0.011200,332.600000,3,332.600000
RC102_co_25.txt,0.011000,297.900000,3,297.900000
RC103_co_25.txt,0.009300,243.800000,3,243.800000
RC104_co_25.txt,0.014233,309.640000,3,309.400000
RC105_co_25.txt,0.008833,309.700000,3,309.700000
RC106_co_25.txt,0.013133,279.700000,4,279.100000
RC107_co_25.txt,0.013700,299.900000,3,299.900000
RC108_co_25.txt,0.011067,275.700000,3,275.700000
RC201_co_25.txt,0.015333,270.216667,2,270.200000
RC202_co_25.txt,0.018200,294.323333,3,293.900000
RC203_co_25.txt,0.011567,208.000000,1,208.000000
RC204_co_25.txt,0.009133,175.700000,1,175.700000
RC205_co_25.txt,0.015133,283.200000,3,283.200000
RC206_co_25.txt,0.014833,246.700000,2,246.700000
RC207_co_25.txt,0.013767,250.500000,2,250.500000
RC208_co_25.txt,0.011300,182.300000,1,182.300000
C101_co_50.txt,0.145867,370.770000,5,361.400000
C102_co_50.txt,0.129733,357.930000,5,351.200000
C103_co_50.txt,0.105567,311.653333,5,306.900000
C104_co_50.txt,0.134500,343.083333,5,340.600000
C105_co_50.txt,0.126967,364.456667,5,349.500000
C106_co_50.txt,0.098933,325.646667,5,321.900000
C107_co_50.txt,0.117700,329.523333,5,327.300000
C108_co_50.txt,0.118733,338.750000,5,338.400000
C109_co_50.txt,0.119267,330.446667,5,329.000000
C201_co_50.txt,0.119667,282.200000,2,282.200000
C202_co_50.txt,0.090733,227.600000,2,227.600000
C203_co_50.txt,0.074767,257.800000,2,257.800000
C204_co_50.txt,0.148867,274.400000,2,274.400000
C205_co_50.txt,0.075667,266.100000,2,266.100000
C206_co_50.txt,0.080400,234.600000,2,234.600000
C207_co_50.txt,0.120467,288.700000,2,288.700000
C208_co_50.txt,0.121200,285.300000,2,285.300000
R101_co_50.txt,0.094167,449.400000,5,449.400000
R102_co_50.txt,0.124133,422.900000,5,422.900000
R103_co_50.txt,0.088033,317.400000,4,316.600000
R104_co_50.txt,0.129967,378.466667,4,377.800000
R105_co_50.txt,0.089233,413.500000,5,413.500000
R106_co_50.txt,0.101433,449.083333,5,448.100000
R107_co_50.txt,0.151867,389.486667,5,388.700000
R108_co_50.txt,0.161633,444.510000,4,426.500000
R109_co_50.txt,0.152100,477.673333,4,475.300000
R110_co_50.txt,0.115600,395.813333,4,391.700000
R111_co_50.txt,0.083833,358.186667,4,358.100000
R112_co_50.txt,0.101833,371.933333,4,367.800000
R201_co_50.txt,0.147800,409.200000,4,409.200000
R202_co_50.txt,0.086567,320.123333,2,320.100000
R203_co_50.txt,0.114067,307.700000,3,307.700000
R204_co_50.txt,0.107467,297.466667,2,297.100000
R205_co_50.txt,0.137233,352.700000,4,352.700000
R206_co_50.txt,0.151133,383.800000,2,383.800000
R207_co_50.txt,0.125600,312.700000,2,312.700000
R208_co_50.txt,0.106833,247.200000,1,247.200000
R209_co_50.txt,0.133167,358.600000,2,358.600000
R210_co_50.txt,0.163733,319.000000,2,319.000000
R211_co_50.txt,0.170733,329.933333,2,329.400000
RC101_co_50.txt,0.109533,628.346667,5,627.700000
RC102_co_50.txt,0.122500,542.740000,5,538.300000
RC103_co_50.txt,0.066233,468.300000,5,468.300000
RC104_co_50.txt,0.106667,548.000000,5,546.100000
RC105_co_50.txt,0.099000,582.680000,6,578.300000
RC106_co_50.txt,0.086933,560.293333,5,555.600000
RC107_co_50.txt,0.102000,578.800000,5,578.800000
RC108_co_50.txt,0.090700,532.800000,5,532.800000
RC201_co_50.txt,0.141167,538.930000,4,538.500000
RC202_co_50.txt,0.092767,412.600000,3,412.600000
RC203_co_50.txt,0.142133,415.186667,3,415.000000
RC204_co_50.txt,0.109067,332.300000,1,332.300000
RC205_co_50.txt,0.121267,440.800000,4,440.800000
RC206_co_50.txt,0.146300,470.280000,3,470.200000
RC207_co_50.txt,0.091467,352.500000,1,352.500000
RC208_co_50.txt,0.078767,243.700000,1,243.700000
C101_co_100.txt,1.325600,808.903333,10,797.100000
C102_co_100.txt,1.663767,943.666667,10,929.500000
C103_co_100.txt,1.346100,841.580000,10,834.600000
C104_co_100.txt,1.175833,694.943333,10,689.500000
C105_co_100.txt,1.243533,944.653333,10,931.100000
C106_co_100.txt,1.517167,875.003333,10,865.500000
C107_co_100.txt,1.675333,975.776667,10,960.600000
C108_co_100.txt,1.090467,779.010000,10,768.800000
C109_co_100.txt,1.530700,786.833333,10,776.400000
C201_co_100.txt,1.239467,511.800000,3,511.800000
C202_co_100.txt,0.936100,475.953333,3,471.800000
C203_co_100.txt,1.316567,480.013333,3,478.400000
C204_co_100.txt,1.276833,496.800000,3,488.100000
C205_co_100.txt,0.801100,429.500000,3,429.500000
C206_co_100.txt,1.727500,580.256667,3,573.400000
C207_co_100.txt,1.388567,461.323333,3,460.700000
C208_co_100.txt,1.498400,514.056667,3,505.200000
R101_co_100.txt,1.285267,756.086667,10,753.500000
R102_co_100.txt,1.238667,689.573333,8,683.600000
R103_co_100.txt,1.811533,727.260000,9,723.500000
R104_co_100.txt,1.409500,654.430000,8,646.400000
R105_co_100.txt,1.247533,708.483333,8,702.400000
R106_co_100.txt,1.291467,649.463333,8,638.200000
R107_co_100.txt,1.266833,685.250000,8,671.400000
R108_co_100.txt,1.061367,528.636667,8,527.800000
R109_co_100.txt,1.289300,656.976667,8,649.300000
R110_co_100.txt,1.354200,645.630000,8,642.900000
R111_co_100.txt,1.243600,707.710000,8,705.800000
R112_co_100.txt,1.483000,682.920000,8,676.800000
R201_co_100.txt,1.872367,679.243333,5,678.100000
R202_co_100.txt,1.253433,590.410000,4,588.100000
R203_co_100.txt,1.725400,550.266667,4,549.000000
R204_co_100.txt,1.213433,383.300000,2,383.300000
R205_co_100.txt,1.346333,479.936667,3,478.500000
R206_co_100.txt,1.598833,520.640000,3,516.800000
R207_co_100.txt,1.714433,474.240000,2,473.700000
R208_co_100.txt,1.047000,354.500000,2,354.500000
R209_co_100.txt,1.571333,434.000000,3,432.300000
R210_co_100.txt,1.684567,547.303333,4,546.100000
R211_co_100.txt,1.546533,434.183333,3,426.000000
RC101_co_100.txt,1.187067,982.186667,10,968.600000
RC102_co_100.txt,1.148100,924.293333,9,915.700000
RC103_co_100.txt,1.374900,1000.440000,9,976.000000
RC104_co_100.txt,1.378600,855.503333,9,826.800000
RC105_co_100.txt,1.681733,1026.793333,10,1011.100000
RC106_co_100.txt,0.873100,806.246667,9,799.200000
RC107_co_100.txt,1.082367,808.503333,9,802.700000
RC108_co_100.txt,1.462733,943.406667,9,923.100000
RC201_co_100.txt,1.125367,697.600000,5,697.600000
RC202_co_100.txt,1.708000,586.353333,5,585.100000
RC203_co_100.txt,1.418500,635.700000,3,635.700000
RC204_co_100.txt,1.258733,483.443333,2,481.800000
RC205_co_100.txt,1.583233,743.960000,5,743.700000
RC206_co_100.txt,1.290667,554.633333,4,553.600000
RC207_co_100.txt,1.815833,595.406667,4,592.900000
RC208_co_100.txt,1.341433,496.813333,2,496.200000
