instance,avg_time,avg_cost,best_cost
C101_co_25.txt,0.007433,202.393715,200.205499
C102_co_25.txt,0.006667,156.364106,143.953098
C103_co_25.txt,0.008767,204.500717,204.405800
C104_co_25.txt,0.010033,202.192262,188.197034
C105_co_25.txt,0.007733,218.681524,210.609934
C106_co_25.txt,0.007767,219.097443,211.040740
C107_co_25.txt,0.007400,215.663979,210.235002
C108_co_25.txt,0.005633,158.415702,155.930633
C109_co_25.txt,0.006133,149.397028,140.844139
C201_co_25.txt,0.005633,222.223329,202.904762
C202_co_25.txt,0.006667,140.222104,129.635963
C203_co_25.txt,0.007200,158.849955,146.856490
C204_co_25.txt,0.007933,168.718424,146.322141
C205_co_25.txt,0.007733,196.953671,168.813208
C206_co_25.txt,0.006700,186.728209,171.729565
C207_co_25.txt,0.007000,128.123153,121.730993
C208_co_25.txt,0.006900,173.435370,163.466909
R101_co_25.txt,0.007233,247.540329,213.753963
R102_co_25.txt,0.006167,204.852923,202.361142
R103_co_25.txt,0.006700,217.499088,197.985582
R104_co_25.txt,0.007000,249.489758,239.514894
R105_co_25.txt,0.005633,210.810191,204.415521
R106_co_25.txt,0.007200,193.057927,186.738476
R107_co_25.txt,0.006167,267.513958,239.659781
R108_co_25.txt,0.007767,254.264536,253.719090
R109_co_25.txt,0.006500,291.775145,265.174323
R110_co_25.txt,0.006667,259.437920,242.716237
R111_co_25.txt,0.007200,259.194095,247.936466
R112_co_25.txt,0.005633,204.808486,186.085843
R201_co_25.txt,0.006867,342.507942,317.343872
R202_co_25.txt,0.006200,283.008228,262.320208
R203_co_25.txt,0.007200,206.666505,186.010007
R204_co_25.txt,0.008767,174.202038,154.567745
R205_co_25.txt,0.007233,252.114085,230.591111
R206_co_25.txt,0.006467,211.736694,196.136858
R207_co_25.txt,0.008767,225.011402,198.279198
R208_co_25.txt,0.006900,178.808704,164.016332
R209_co_25.txt,0.007167,253.215216,238.589846
R210_co_25.txt,0.008500,298.707627,279.626884
R211_co_25.txt,0.006700,145.206749,131.778098
RC101_co_25.txt,0.007433,380.156985,368.298758
RC102_co_25.txt,0.007733,326.934189,304.197380
RC103_co_25.txt,0.006667,245.947262,244.199598
RC104_co_25.txt,0.006800,322.280257,309.932164
RC105_co_25.txt,0.007933,310.359385,310.293151
RC106_co_25.txt,0.006667,293.318030,279.540470
RC107_co_25.txt,0.006167,335.197266,300.660884
RC108_co_25.txt,0.006733,292.690390,276.239334
RC201_co_25.txt,0.006667,300.119081,271.419466
RC202_co_25.txt,0.006367,331.105663,300.753233
RC203_co_25.txt,0.008767,247.752639,208.391726
RC204_co_25.txt,0.008467,177.031010,175.927135
RC205_co_25.txt,0.005633,307.335861,284.071523
RC206_co_25.txt,0.006667,256.293507,247.483414
RC207_co_25.txt,0.007733,298.576741,253.377579
RC208_co_25.txt,0.008967,197.635220,182.772697
C101_co_50.txt,0.045733,404.219706,377.523389
C102_co_50.txt,0.043467,378.765852,367.407406
C103_co_50.txt,0.050133,331.860739,318.095060
C104_co_50.txt,0.064267,347.224427,343.564063
C105_co_50.txt,0.047833,393.956303,357.292609
C106_co_50.txt,0.045200,341.569077,322.960146
C107_co_50.txt,0.051400,341.145212,329.277547
C108_co_50.txt,0.046833,342.185565,339.692171
C109_co_50.txt,0.055800,335.156676,329.804376
C201_co_50.txt,0.046367,309.235758,285.545075
C202_co_50.txt,0.053167,257.497754,232.701873
C203_co_50.txt,0.046233,292.691729,275.056885
C204_co_50.txt,0.073367,300.126705,275.158570
C205_co_50.txt,0.068500,286.448151,269.341418
C206_co_50.txt,0.055667,252.912917,235.201796
C207_co_50.txt,0.056067,309.874331,289.974515
C208_co_50.txt,0.061367,317.661969,286.144122
R101_co_50.txt,0.055067,485.281807,456.062346
R102_co_50.txt,0.049567,466.372130,431.969798
R103_co_50.txt,0.044433,364.350450,337.599637
R104_co_50.txt,0.056833,394.533286,379.273587
R105_co_50.txt,0.057000,453.863578,434.112421
R106_co_50.txt,0.073833,467.194820,452.714844
R107_co_50.txt,0.061867,413.816247,394.036000
R108_co_50.txt,0.053000,469.942822,438.807491
R109_co_50.txt,0.050933,514.405767,500.209398
R110_co_50.txt,0.053467,425.363125,407.213949
R111_co_50.txt,0.057000,376.148764,365.101400
R112_co_50.txt,0.047233,391.524690,379.389019
R201_co_50.txt,0.050667,438.386169,410.556632
R202_co_50.txt,0.054167,365.123448,322.778036
R203_co_50.txt,0.048867,336.189201,308.572502
R204_co_50.txt,0.061933,307.737770,297.787142
R205_co_50.txt,0.054167,376.403208,353.845601
R206_co_50.txt,0.060100,428.011018,393.168207
R207_co_50.txt,0.064500,358.353051,334.510746
R208_co_50.txt,0.061033,283.960134,266.188740
R209_co_50.txt,0.051167,394.907556,364.842365
R210_co_50.txt,0.060800,349.161469,328.095776
R211_co_50.txt,0.056833,364.835167,338.649436
RC101_co_50.txt,0.038500,714.129791,684.994193
RC102_co_50.txt,0.044767,629.523709,593.596647
RC103_co_50.txt,0.042867,506.949557,471.003879
RC104_co_50.txt,0.053400,600.250523,558.710978
RC105_co_50.txt,0.041400,612.257637,586.762305
RC106_co_50.txt,0.039533,627.599167,600.107096
RC107_co_50.txt,0.051900,653.912849,612.145775
RC108_co_50.txt,0.110300,557.815872,533.570233
RC201_co_50.txt,0.079067,631.693411,554.851653
RC202_co_50.txt,0.043833,479.910379,413.394409
RC203_co_50.txt,0.051567,484.193645,417.708110
RC204_co_50.txt,0.046267,410.701985,372.401805
RC205_co_50.txt,0.046033,524.353843,477.606350
RC206_co_50.txt,0.040667,525.233732,475.801220
RC207_co_50.txt,0.057200,399.943248,363.231208
RC208_co_50.txt,0.057600,269.828591,257.716732
C101_co_100.txt,0.426767,855.866950,835.493706
C102_co_100.txt,0.528100,1006.797492,955.397103
C103_co_100.txt,0.642133,884.068740,846.518414
C104_co_100.txt,0.514900,715.459544,696.821331
C105_co_100.txt,0.464133,1004.121635,963.725323
C106_co_100.txt,0.459200,922.072421,872.422008
C107_co_100.txt,0.442733,1027.215470,978.941863
C108_co_100.txt,0.500833,797.799647,783.974765
C109_co_100.txt,0.540767,816.965814,793.349694
C201_co_100.txt,0.491567,642.029296,598.919148
C202_co_100.txt,0.522667,546.340834,503.136769
C203_co_100.txt,0.580367,557.851594,509.778499
C204_co_100.txt,0.618367,543.820292,508.083213
C205_co_100.txt,0.506800,512.184774,482.159855
C206_co_100.txt,0.524000,652.940539,614.045792
C207_co_100.txt,0.519933,526.559891,466.430666
C208_co_100.txt,0.560533,592.504786,527.305303
R101_co_100.txt,0.449467,803.745443,786.175762
R102_co_100.txt,0.400067,757.272859,731.035812
R103_co_100.txt,0.471800,802.647727,770.171863
R104_co_100.txt,0.511600,701.416431,685.223162
R105_co_100.txt,0.501367,760.057215,725.968599
R106_co_100.txt,0.460233,718.851588,704.685829
R107_co_100.txt,0.556933,735.547064,706.137807
R108_co_100.txt,0.466167,563.246791,529.533207
R109_co_100.txt,0.490100,712.760430,672.567452
R110_co_100.txt,0.527567,699.120759,669.585278
R111_co_100.txt,0.569900,731.511762,711.334931
R112_co_100.txt,0.473900,726.143267,696.997548
R201_co_100.txt,0.526733,737.592171,702.163560
R202_co_100.txt,0.611300,632.578285,592.807012
R203_co_100.txt,0.664100,607.809123,556.822465
R204_co_100.txt,0.634167,427.858802,384.937879
R205_co_100.txt,0.514300,545.999315,489.188199
R206_co_100.txt,0.680867,569.256473,532.405966
R207_co_100.txt,0.757133,530.173020,487.401636
R208_co_100.txt,0.697267,391.270923,362.158580
R209_co_100.txt,0.616267,461.058450,440.055254
R210_co_100.txt,0.546567,596.452115,571.156795
R211_co_100.txt,0.609867,477.515168,453.889668
RC101_co_100.txt,0.456467,1053.741143,1003.750257
RC102_co_100.txt,0.531700,1001.948090,936.295506
RC103_co_100.txt,0.502967,1063.004908,1031.329347
RC104_co_100.txt,0.536233,895.692590,874.555566
RC105_co_100.txt,0.425000,1104.215927,1065.717473
RC106_co_100.txt,0.525000,846.036913,824.803632
RC107_co_100.txt,0.469467,841.297305,817.010205
RC108_co_100.txt,0.461467,988.125119,961.726209
RC201_co_100.txt,0.535333,765.354070,715.527231
RC202_co_100.txt,0.498067,662.905699,611.759795
RC203_co_100.txt,0.545867,724.305116,679.567757
RC204_co_100.txt,0.682100,531.007722,490.607672
RC205_co_100.txt,0.518533,807.620370,761.911336
RC206_co_100.txt,0.658100,618.285095,568.856796
RC207_co_100.txt,0.520367,663.689568,622.464289
RC208_co_100.txt,0.622600,541.593963,501.362544
