25	2
25	200
10
30
10
10
10
20
20
20
10
10
10
20
30
10
40
40
20
20
10
10
20
20
10
10
40
40	50	0	1236	0	0
45	68	0	1127	90	2
45	70	0	1125	90	1
42	66	0	1129	90	2
42	68	727	782	90	3
42	65	0	1130	90	3
40	69	621	702	90	2
40	66	0	1130	90	1
38	68	255	324	90	3
38	70	534	605	90	3
35	66	357	410	90	3
35	69	448	505	90	3
25	85	0	1107	90	2
22	75	30	92	90	1
22	85	567	620	90	2
20	80	384	429	90	1
20	85	475	528	90	3
18	75	99	148	90	1
15	75	179	254	90	3
15	80	278	345	90	3
30	50	10	73	90	3
30	52	0	1135	90	3
28	52	812	883	90	2
28	55	732	777	90	2
25	50	65	144	90	1
25	52	169	224	90	1
39	61	0	1236	45	4
41	61	0	1236	45	4
0	1	
0	0	
0	1	
0	1	
0	1	
1	1	
0	0	
1	1	
1	0	
1	1	
1	0	
1	0	
0	0	
1	0	
0	0	
1	0	
0	0	
1	0	
1	0	
1	0	
1	0	
1	1	
1	1	
0	0	
0	0	
