25 2
25 200
10
30
10
10
10
20
20
20
10
10
10
20
30
10
40
40
20
20
10
10
20
20
10
10
40
40 50 0 1236 0 0
45 68 760 1120 90 2
45 70 668 1028 90 1
42 66 16 376 90 3
42 68 575 935 90 1
42 65 15 375 90 3
40 69 482 842 90 1
40 66 18 378 90 2
38 68 110 470 90 2
38 70 390 750 90 3
35 66 204 564 90 2
35 69 297 657 90 1
25 85 507 867 90 1
22 75 30 390 90 3
22 85 414 774 90 2
20 80 227 587 90 2
20 85 322 682 90 3
18 75 33 393 90 2
15 75 37 397 90 1
15 80 132 492 90 2
30 50 10 370 90 1
30 52 760 1120 90 2
28 52 668 1028 90 3
28 55 575 935 90 3
25 50 15 375 90 3
25 52 17 377 90 1
43 56 0 1236 45 4
30 53 0 1236 45 4
1 0
0 0
1 0
0 0
1 0
0 0
1 0
1 0
1 0
1 0
0 0
0 0
0 1
0 1
0 1
0 1
0 1
0 0
0 1
0 0
0 1
0 1
0 1
0 1
0 0
