25	2
25	200
10
7
13
19
26
3
5
9
16
16
12
19
23
20
8
19
2
12
17
9
11
18
29
3
6
35	35	0	230	0	0
41	49	15	204	10	1
35	17	18	202	10	3
55	45	54	187	10	1
55	20	138	169	10	1
15	30	20	199	10	3
25	30	76	131	10	2
20	50	21	170	10	2
10	43	87	112	10	3
55	60	88	115	10	1
30	60	107	150	10	3
20	65	57	86	10	2
50	35	15	192	10	1
30	25	147	180	10	1
15	10	32	187	10	2
30	5	50	81	10	1
10	20	29	139	10	1
5	30	124	189	10	3
20	40	47	136	10	2
15	60	32	146	10	2
45	65	79	182	10	1
45	20	18	195	10	2
45	10	76	127	10	2
55	5	58	87	10	2
65	35	58	190	10	3
65	20	153	186	10	2
9	16	0	230	5	4
13	33	0	230	5	4
0	0	
1	0	
0	0	
0	0	
0	1	
0	1	
0	1	
0	1	
0	0	
0	1	
0	1	
0	0	
0	0	
1	0	
0	0	
0	0	
0	1	
0	1	
0	1	
0	0	
0	1	
1	0	
1	0	
0	1	
0	1	
