25	2
25	1000
10
7
13
19
26
3
5
9
16
16
12
19
23
20
8
19
2
12
17
9
11
18
29
3
6
35	35	0	1000	0	0
41	49	658	898	10	3
35	17	93	333	10	1
55	45	436	676	10	1
55	20	620	860	10	1
15	30	20	260	10	3
25	30	345	585	10	2
20	50	251	491	10	1
10	43	323	563	10	3
55	60	329	569	10	2
30	60	485	725	10	3
20	65	146	386	10	1
50	35	167	407	10	1
30	25	639	879	10	1
15	10	32	272	10	2
30	5	118	358	10	3
10	20	203	443	10	1
5	30	682	922	10	3
20	40	286	526	10	2
15	60	204	444	10	1
45	65	504	744	10	3
45	20	153	393	10	1
45	10	332	572	10	3
55	5	146	386	10	3
65	35	656	896	10	3
65	20	716	956	10	1
18	38	0	1000	5	4
60	36	0	1000	5	4
0	1	
0	0	
0	0	
0	0	
1	0	
1	0	
0	0	
1	0	
0	1	
1	0	
0	0	
0	0	
0	0	
1	0	
1	0	
0	0	
1	0	
1	0	
0	0	
0	1	
0	0	
0	1	
0	1	
0	1	
0	0	
