25	2
25	1000
10
7
13
19
26
3
5
9
16
16
12
19
23
20
8
19
2
12
17
9
11
18
29
3
6
35	35	0	1000	0	0
41	49	636	919	10	1
35	17	74	351	10	2
55	45	498	613	10	2
55	20	470	965	10	2
15	30	20	370	10	3
25	30	266	663	10	1
20	50	292	449	10	1
10	43	288	597	10	1
55	60	254	643	10	1
30	60	496	713	10	2
20	65	33	510	10	1
50	35	170	403	10	3
30	25	426	978	10	1
15	10	32	454	10	2
30	5	30	529	10	1
10	20	222	423	10	3
5	30	409	959	10	3
20	40	349	462	10	1
15	60	215	432	10	3
45	65	538	709	10	2
45	20	156	389	10	2
45	10	280	623	10	2
55	5	36	513	10	1
65	35	633	918	10	2
65	20	400	956	10	1
41	9	0	1000	5	4
51	32	0	1000	5	4
0	0	
1	0	
0	1	
0	1	
1	0	
0	0	
0	0	
0	0	
0	0	
0	1	
0	0	
0	1	
0	0	
1	0	
0	0	
1	0	
1	0	
0	0	
0	1	
0	1	
1	0	
1	0	
0	0	
0	1	
0	0	
