25	2
25	1000
10
7
13
19
26
3
5
9
16
16
12
19
23
20
8
19
2
12
17
9
11
18
29
3
6
35	35	0	1000	0	0
41	49	451	974	10	1
35	17	18	534	10	1
55	45	378	733	10	1
55	20	477	965	10	2
15	30	20	610	10	2
25	30	245	684	10	1
20	50	172	569	10	1
10	43	245	640	10	2
55	60	231	666	10	3
30	60	430	779	10	3
20	65	33	511	10	2
50	35	50	523	10	3
30	25	462	978	10	2
15	10	32	694	10	3
30	5	30	519	10	3
10	20	102	543	10	2
5	30	444	959	10	2
20	40	229	582	10	1
15	60	95	552	10	3
45	65	418	829	10	2
45	20	36	509	10	2
45	10	246	657	10	2
55	5	36	514	10	2
65	35	435	960	10	3
65	20	438	956	10	3
49	26	0	1000	5	4
58	51	0	1000	5	4
0	0	
0	0	
0	0	
1	0	
1	0	
0	0	
0	0	
1	0	
0	1	
0	1	
0	1	
1	0	
1	0	
1	0	
1	0	
1	0	
1	0	
0	0	
0	1	
0	1	
1	0	
1	0	
1	0	
0	1	
1	0	
