25	2
25	200
20
30
10
40
20
20
20
10
20
30
40
20
10
10
20
20
20
20
40
10
10
40
30
10
20
40	50	0	240	0	0
25	85	71	191	10	3
22	75	30	150	10	2
22	85	64	184	10	1
20	80	151	161	10	2
20	85	40	160	10	3
18	75	96	123	10	3
15	75	35	155	10	3
15	80	101	111	10	2
10	35	101	111	10	1
10	40	123	144	10	2
8	40	69	79	10	3
8	45	32	152	10	1
5	35	152	162	10	2
5	45	35	117	10	2
2	40	68	78	10	2
0	40	59	114	10	1
0	45	147	180	10	3
44	5	79	124	10	3
42	10	58	115	10	2
42	15	111	162	10	2
40	5	45	165	10	2
40	15	94	119	10	2
38	5	75	85	10	3
38	15	128	194	10	1
35	5	171	181	10	2
2	26	0	240	5	4
12	74	0	240	5	4
0	1	
0	1	
0	0	
0	1	
0	1	
0	1	
0	1	
0	1	
0	0	
1	0	
1	0	
0	0	
1	0	
1	0	
1	0	
0	0	
1	0	
1	0	
1	0	
1	0	
1	0	
1	0	
1	0	
0	0	
1	0	
