25	2
25	200
20
30
10
40
20
20
20
10
20
30
40
20
10
10
20
20
20
20
40
10
10
40
30
10
20
40	50	0	240	0	0
25	85	125	191	10	2
22	75	32	97	10	3
22	85	101	146	10	1
20	80	71	193	10	1
20	85	40	113	10	1
18	75	55	164	10	1
15	75	69	118	10	3
15	80	56	155	10	3
10	35	51	160	10	1
10	40	90	177	10	1
8	40	33	152	10	2
8	45	49	108	10	1
5	35	62	191	10	1
5	45	35	117	10	2
2	40	39	161	10	3
0	40	59	114	10	3
0	45	60	189	10	2
44	5	79	124	10	1
42	10	58	115	10	2
42	15	111	162	10	1
40	5	52	111	10	3
40	15	55	158	10	1
38	5	45	164	10	2
38	15	128	194	10	1
35	5	54	184	10	2
6	50	0	240	5	4
33	38	0	240	5	4
1	0	
1	0	
0	0	
0	0	
0	0	
0	0	
1	0	
1	0	
0	0	
0	0	
1	0	
0	0	
0	0	
1	0	
1	0	
1	0	
1	0	
0	0	
0	1	
0	0	
0	1	
0	0	
0	1	
0	0	
0	1	
