25	2
25	1000
20
30
10
40
20
20
20
10
20
30
40
20
10
10
20
20
20
20
40
10
10
40
30
10
20
40	50	0	960	0	0
25	85	613	853	10	1
22	75	92	332	10	2
22	85	411	651	10	1
20	80	584	824	10	1
20	85	40	280	10	1
18	75	328	568	10	3
15	75	240	480	10	1
15	80	307	547	10	1
10	35	311	551	10	3
10	40	459	699	10	3
8	40	135	375	10	3
8	45	163	403	10	3
5	35	593	833	10	2
5	45	35	275	10	2
2	40	114	354	10	3
0	40	195	435	10	1
0	45	643	883	10	3
44	5	275	515	10	1
42	10	194	434	10	1
42	15	477	717	10	2
40	5	155	395	10	3
40	15	315	555	10	1
38	5	141	381	10	1
38	15	621	861	10	2
35	5	664	904	10	2
32	67	0	960	5	4
23	81	0	960	5	4
0	0	
0	1	
0	0	
0	0	
0	0	
0	1	
0	0	
0	0	
1	0	
1	0	
1	0	
1	0	
1	0	
1	0	
1	0	
0	0	
1	0	
0	0	
0	0	
1	0	
1	0	
0	0	
0	0	
1	0	
1	0	
