25	2
25	1000
20
30
10
40
20
20
20
10
20
30
40
20
10
10
20
20
20
20
40
10
10
40
30
10
20
40	50	0	960	0	0
25	85	388	911	10	3
22	75	30	546	10	2
22	85	353	708	10	3
20	80	425	913	10	2
20	85	40	630	10	1
18	75	228	667	10	1
15	75	161	558	10	2
15	80	229	624	10	1
10	35	213	648	10	2
10	40	404	753	10	1
8	40	33	511	10	2
8	45	46	519	10	3
5	35	395	911	10	1
5	45	35	697	10	3
2	40	39	528	10	2
0	40	94	535	10	3
0	45	394	909	10	3
44	5	218	571	10	2
42	10	85	542	10	3
42	15	391	802	10	1
40	5	45	517	10	3
40	15	229	640	10	3
38	5	45	523	10	3
38	15	389	914	10	1
35	5	386	904	10	3
14	19	0	960	5	4
10	78	0	960	5	4
0	1	
0	1	
0	1	
0	1	
0	0	
0	0	
0	1	
0	0	
1	0	
0	0	
1	0	
1	0	
0	0	
1	0	
1	0	
1	0	
1	0	
1	0	
1	0	
0	0	
1	0	
1	0	
1	0	
0	0	
1	0	
