instance,avg_time,avg_cost,#_vehicles,best_cost
C101_co_25.txt,0.001833,201.509106,3,200.205499
C102_co_25.txt,0.002033,153.473546,3,143.953098
C103_co_25.txt,0.002333,205.767701,3,204.405800
C104_co_25.txt,0.002867,197.424279,3,187.308535
C105_co_25.txt,0.002467,215.411182,3,211.040740
C106_co_25.txt,0.001933,215.802496,3,211.040740
C107_co_25.txt,0.002300,212.041034,3,210.235002
C108_co_25.txt,0.001633,156.458417,3,155.930633
C109_co_25.txt,0.002133,149.147491,3,140.844139
C201_co_25.txt,0.001600,223.552612,2,202.904762
C202_co_25.txt,0.001600,142.654162,1,129.635963
C203_co_25.txt,0.002000,160.106991,1,146.856490
C204_co_25.txt,0.002033,153.275313,1,146.322141
C205_co_25.txt,0.001867,199.995831,2,168.813208
C206_co_25.txt,0.001500,178.080912,2,171.729565
C207_co_25.txt,0.001667,126.831629,1,121.730993
C208_co_25.txt,0.001533,173.245521,1,163.466909
R101_co_25.txt,0.001433,190.991408,2,183.753963
R102_co_25.txt,0.001333,202.842115,3,202.361142
R103_co_25.txt,0.002100,203.205066,2,197.985582
R104_co_25.txt,0.002133,246.948445,3,239.514894
R105_co_25.txt,0.001167,212.624567,3,204.415521
R106_co_25.txt,0.002000,193.360422,2,186.738476
R107_co_25.txt,0.002000,255.750630,3,239.514894
R108_co_25.txt,0.002367,256.739280,3,253.719090
R109_co_25.txt,0.001733,274.065506,3,265.174323
R110_co_25.txt,0.001533,255.216678,3,239.799887
R111_co_25.txt,0.001733,261.204336,3,247.936466
R112_co_25.txt,0.001867,199.352347,2,186.085843
R201_co_25.txt,0.002233,339.163473,3,317.343872
R202_co_25.txt,0.002600,270.421923,2,258.403350
R203_co_25.txt,0.002267,195.870970,2,186.010007
R204_co_25.txt,0.002700,191.154587,1,154.567745
R205_co_25.txt,0.001900,249.208484,1,229.505638
R206_co_25.txt,0.001800,209.893395,1,196.136858
R207_co_25.txt,0.002033,228.049802,1,198.279198
R208_co_25.txt,0.002067,182.216146,1,164.016332
R209_co_25.txt,0.001900,267.733705,2,238.589846
R210_co_25.txt,0.003133,312.677462,2,279.626884
R211_co_25.txt,0.002100,151.279813,1,131.778098
RC101_co_25.txt,0.001500,356.750424,3,333.153187
RC102_co_25.txt,0.002033,312.915527,3,299.164335
RC103_co_25.txt,0.001533,246.819586,3,244.199598
RC104_co_25.txt,0.001867,314.165981,3,309.932164
RC105_co_25.txt,0.001600,310.412019,3,310.293151
RC106_co_25.txt,0.002000,281.411325,4,279.879148
RC107_co_25.txt,0.001867,324.191269,3,300.660884
RC108_co_25.txt,0.001967,289.724629,3,276.239334
RC201_co_25.txt,0.002133,287.729995,2,270.766864
RC202_co_25.txt,0.002167,323.529042,3,294.639160
RC203_co_25.txt,0.002167,248.206662,1,208.391726
RC204_co_25.txt,0.001933,222.413409,1,176.619729
RC205_co_25.txt,0.002400,312.359638,3,284.071523
RC206_co_25.txt,0.001533,258.337329,2,247.483414
RC207_co_25.txt,0.002433,276.565930,2,252.602779
RC208_co_25.txt,0.001867,243.163392,1,188.410261
C101_co_50.txt,0.019433,398.409458,5,377.256599
C102_co_50.txt,0.022600,371.108106,5,362.363288
C103_co_50.txt,0.025500,328.069192,5,318.095060
C104_co_50.txt,0.029933,347.365740,5,343.564063
C105_co_50.txt,0.021933,388.659675,5,358.060103
C106_co_50.txt,0.020367,335.886871,5,322.960146
C107_co_50.txt,0.020800,332.404796,5,329.277547
C108_co_50.txt,0.025600,340.538077,5,339.692171
C109_co_50.txt,0.030533,335.618140,5,329.804376
C201_co_50.txt,0.026533,301.994856,3,285.545075
C202_co_50.txt,0.027567,253.580348,2,228.424800
C203_co_50.txt,0.024433,283.299680,2,258.439793
C204_co_50.txt,0.036967,297.939360,2,275.158570
C205_co_50.txt,0.026933,286.220546,2,269.341418
C206_co_50.txt,0.025967,248.984776,2,236.102347
C207_co_50.txt,0.022133,309.679467,2,289.974515
C208_co_50.txt,0.027967,317.251160,2,294.014795
R101_co_50.txt,0.018767,462.998237,6,456.062346
R102_co_50.txt,0.018967,445.845250,5,429.676395
R103_co_50.txt,0.023300,345.065266,4,323.874391
R104_co_50.txt,0.026200,386.928565,4,379.273587
R105_co_50.txt,0.019767,446.413964,5,432.457685
R106_co_50.txt,0.019133,459.599145,5,450.923795
R107_co_50.txt,0.021400,404.306675,4,392.348284
R108_co_50.txt,0.019000,473.879673,5,463.780117
R109_co_50.txt,0.019767,508.572009,5,500.209398
R110_co_50.txt,0.021633,420.650392,4,404.926294
R111_co_50.txt,0.019400,374.158519,4,365.101400
R112_co_50.txt,0.017867,387.978064,4,376.986671
R201_co_50.txt,0.024633,437.001637,4,410.556632
R202_co_50.txt,0.030900,344.908341,3,322.778036
R203_co_50.txt,0.030867,344.608738,3,308.572502
R204_co_50.txt,0.038300,317.195871,2,297.787142
R205_co_50.txt,0.025567,387.474101,4,353.845601
R206_co_50.txt,0.034667,419.326710,2,385.749585
R207_co_50.txt,0.036833,343.959023,2,328.276830
R208_co_50.txt,0.031967,282.681501,2,262.049862
R209_co_50.txt,0.023933,399.601730,2,364.842365
R210_co_50.txt,0.031467,345.318466,2,320.185715
R211_co_50.txt,0.026233,361.801765,2,336.525759
RC101_co_50.txt,0.014033,685.981671,6,645.851340
RC102_co_50.txt,0.018767,604.048293,6,565.256589
RC103_co_50.txt,0.020267,478.397355,5,469.153076
RC104_co_50.txt,0.021833,577.148539,5,552.530639
RC105_co_50.txt,0.017133,591.836095,6,581.431314
RC106_co_50.txt,0.016700,617.333341,6,591.657640
RC107_co_50.txt,0.019167,639.401990,6,620.364289
RC108_co_50.txt,0.020600,545.746564,5,533.570233
RC201_co_50.txt,0.020333,630.424263,4,554.851653
RC202_co_50.txt,0.020167,467.543619,3,413.394409
RC203_co_50.txt,0.028933,450.609647,3,420.999219
RC204_co_50.txt,0.029933,372.563979,2,357.916792
RC205_co_50.txt,0.022533,509.845479,3,476.965694
RC206_co_50.txt,0.017733,493.015353,4,471.708024
RC207_co_50.txt,0.023767,393.146496,1,360.839931
RC208_co_50.txt,0.018500,291.423671,2,257.716732
C101_co_100.txt,0.261033,845.849933,10,822.106382
C102_co_100.txt,0.296033,1011.824465,11,983.343795
C103_co_100.txt,0.321367,880.612312,10,845.364089
C104_co_100.txt,0.323500,720.021018,10,701.563312
C105_co_100.txt,0.284300,1013.918006,10,974.895238
C106_co_100.txt,0.286833,912.216322,10,889.692015
C107_co_100.txt,0.284167,1044.401342,10,977.519662
C108_co_100.txt,0.270733,799.492259,10,784.130779
C109_co_100.txt,0.307433,818.036696,10,796.812217
C201_co_100.txt,0.309767,649.384498,4,600.410568
C202_co_100.txt,0.357167,585.355491,4,507.946513
C203_co_100.txt,0.442033,550.549068,4,510.263458
C204_co_100.txt,0.410500,561.359860,3,512.747363
C205_co_100.txt,0.345967,521.401384,3,460.995131
C206_co_100.txt,0.408233,671.136293,4,626.226359
C207_co_100.txt,0.371567,558.758907,3,468.338896
C208_co_100.txt,0.389933,619.291061,4,553.912321
R101_co_100.txt,0.230133,794.112809,11,772.334347
R102_co_100.txt,0.238300,747.295602,10,733.961296
R103_co_100.txt,0.290500,797.545926,11,773.915875
R104_co_100.txt,0.292967,695.604430,8,660.746804
R105_co_100.txt,0.212933,753.501226,9,732.625702
R106_co_100.txt,0.215733,717.977759,9,700.038715
R107_co_100.txt,0.317267,728.109132,9,703.512506
R108_co_100.txt,0.248333,558.792337,8,532.373639
R109_co_100.txt,0.214633,704.908345,8,674.712371
R110_co_100.txt,0.246533,696.797952,8,663.422535
R111_co_100.txt,0.241133,729.601779,8,710.170620
R112_co_100.txt,0.212767,726.346519,8,692.192294
R201_co_100.txt,0.326567,744.263060,5,706.554479
R202_co_100.txt,0.358100,662.377673,4,604.752428
R203_co_100.txt,0.382533,605.921068,4,565.182453
R204_co_100.txt,0.464100,435.480106,2,384.937879
R205_co_100.txt,0.304433,553.956093,3,509.190300
R206_co_100.txt,0.349700,575.849425,3,536.437765
R207_co_100.txt,0.390167,538.535219,3,495.258265
R208_co_100.txt,0.452133,405.027903,2,363.682868
R209_co_100.txt,0.417233,473.975829,3,447.304088
R210_co_100.txt,0.343933,605.945662,3,559.573337
R211_co_100.txt,0.383100,480.052801,3,440.198889
RC101_co_100.txt,0.210300,1038.036953,10,999.605722
RC102_co_100.txt,0.291867,990.874484,10,965.852272
RC103_co_100.txt,0.298900,1056.680957,10,1036.299701
RC104_co_100.txt,0.332800,892.976774,10,870.687459
RC105_co_100.txt,0.321500,1095.263758,10,1050.741093
RC106_co_100.txt,0.310367,851.219665,9,819.401530
RC107_co_100.txt,0.381067,831.921288,10,817.246414
RC108_co_100.txt,0.329033,984.455735,9,951.809483
RC201_co_100.txt,0.384833,798.783994,5,735.722388
RC202_co_100.txt,0.536133,672.478922,4,623.714509
RC203_co_100.txt,0.523533,746.183685,3,686.765042
RC204_co_100.txt,0.773833,536.800063,2,491.127624
RC205_co_100.txt,0.365433,813.094953,5,761.576913
RC206_co_100.txt,0.418400,648.018781,4,586.521542
RC207_co_100.txt,0.358733,672.939405,4,594.673510
RC208_co_100.txt,0.563500,555.413114,3,501.407227
