instance avg_time avg_cost best_cost
C101_co_25,txt 0,008200 202,915146 200,205499
C102_co_25,txt 0,007200 158,206143 143,953098
C103_co_25,txt 0,009067 205,756578 204,405800
C104_co_25,txt 0,009933 202,295527 187,308535
C105_co_25,txt 0,007033 214,699388 211,040740
C106_co_25,txt 0,008900 220,827703 211,040740
C107_co_25,txt 0,008500 216,393499 211,040740
C108_co_25,txt 0,007000 158,169931 155,930633
C109_co_25,txt 0,007167 149,929910 140,844139
C201_co_25,txt 0,006200 220,637465 202,904762
C202_co_25,txt 0,006433 136,561923 129,635963
C203_co_25,txt 0,008733 158,768965 146,856490
C204_co_25,txt 0,008733 169,423348 146,322141
C205_co_25,txt 0,009233 199,128032 168,813208
C206_co_25,txt 0,007467 181,864669 171,729565
C207_co_25,txt 0,008600 132,922238 121,730993
C208_co_25,txt 0,007733 177,153044 163,466909
R101_co_25,txt 0,009167 236,639643 213,753963
R102_co_25,txt 0,006000 204,999928 202,361142
R103_co_25,txt 0,007567 221,204962 197,985582
R104_co_25,txt 0,007467 257,751458 239,514894
R105_co_25,txt 0,006067 205,257930 204,415521
R106_co_25,txt 0,008633 197,411689 186,738476
R107_co_25,txt 0,008000 266,469263 239,514894
R108_co_25,txt 0,008633 255,590042 253,719090
R109_co_25,txt 0,008200 284,525442 265,174323
R110_co_25,txt 0,007100 261,853287 239,799887
R111_co_25,txt 0,007067 261,165799 247,936466
R112_co_25,txt 0,006333 207,825073 186,085843
R201_co_25,txt 0,008300 332,002219 317,343872
R202_co_25,txt 0,006200 281,089903 258,403350
R203_co_25,txt 0,008833 200,831753 186,010007
R204_co_25,txt 0,009267 168,742362 154,567745
R205_co_25,txt 0,008167 249,704687 232,942255
R206_co_25,txt 0,007800 209,982133 196,136858
R207_co_25,txt 0,007200 222,059990 198,279198
R208_co_25,txt 0,006233 177,659743 164,016332
R209_co_25,txt 0,006900 258,572388 238,589846
R210_co_25,txt 0,008800 300,130802 279,626884
R211_co_25,txt 0,007567 146,108217 131,778098
RC101_co_25,txt 0,008267 370,226125 333,153187
RC102_co_25,txt 0,008200 318,994643 299,164335
RC103_co_25,txt 0,007167 248,443687 244,199598
RC104_co_25,txt 0,008600 329,337756 309,932164
RC105_co_25,txt 0,008167 310,749505 310,293151
RC106_co_25,txt 0,007300 285,952434 279,540470
RC107_co_25,txt 0,007167 334,626727 303,236908
RC108_co_25,txt 0,008133 296,554625 276,239334
RC201_co_25,txt 0,007500 294,924012 270,766864
RC202_co_25,txt 0,007267 324,028962 294,639160
RC203_co_25,txt 0,007867 248,760449 208,391726
RC204_co_25,txt 0,010700 179,410354 175,927135
RC205_co_25,txt 0,007700 311,567318 284,633045
RC206_co_25,txt 0,007733 254,214552 247,483414
RC207_co_25,txt 0,011433 300,907246 252,602779
RC208_co_25,txt 0,024200 208,570451 182,772697
C101_co_50,txt 0,082800 401,154115 376,436353
C102_co_50,txt 0,068000 379,027996 364,176083
C103_co_50,txt 0,056867 332,973839 318,095060
C104_co_50,txt 0,068467 346,068493 343,564063
C105_co_50,txt 0,059600 401,288370 356,101247
C106_co_50,txt 0,055367 345,347059 322,960146
C107_co_50,txt 0,047800 338,149406 329,277547
C108_co_50,txt 0,076733 341,136504 339,692171
C109_co_50,txt 0,067500 334,706243 330,089548
C201_co_50,txt 0,058633 301,620923 285,545075
C202_co_50,txt 0,050967 263,005139 234,265008
C203_co_50,txt 0,047133 287,450307 258,439793
C204_co_50,txt 0,071433 296,580011 275,158570
C205_co_50,txt 0,058200 283,535838 269,341418
C206_co_50,txt 0,049167 254,716033 235,561977
C207_co_50,txt 0,061900 313,311148 289,974515
C208_co_50,txt 0,061467 315,873431 286,144122
R101_co_50,txt 0,049767 483,964808 456,062346
R102_co_50,txt 0,050867 461,764850 434,946452
R103_co_50,txt 0,046600 369,966344 337,599637
R104_co_50,txt 0,067267 394,289731 379,273587
R105_co_50,txt 0,050867 454,827112 432,775530
R106_co_50,txt 0,059600 472,388151 454,473513
R107_co_50,txt 0,053400 419,228822 394,083029
R108_co_50,txt 0,072467 471,004886 446,769287
R109_co_50,txt 0,067533 518,007627 501,356045
R110_co_50,txt 0,051633 433,271390 403,049219
R111_co_50,txt 0,054700 379,292025 363,527100
R112_co_50,txt 0,055367 388,555411 377,309147
R201_co_50,txt 0,057633 432,088571 410,556632
R202_co_50,txt 0,060933 357,471912 322,778036
R203_co_50,txt 0,052733 332,826067 308,572502
R204_co_50,txt 0,075100 310,362936 297,787142
R205_co_50,txt 0,061467 370,538808 353,845601
R206_co_50,txt 0,070433 422,088513 386,053314
R207_co_50,txt 0,069267 361,010435 334,510746
R208_co_50,txt 0,068933 283,555212 262,049862
R209_co_50,txt 0,059333 389,532888 364,842365
R210_co_50,txt 0,063800 359,840654 331,755197
R211_co_50,txt 0,069233 369,495699 338,649436
RC101_co_50,txt 0,059800 709,636225 660,117516
RC102_co_50,txt 0,052767 633,525994 569,320009
RC103_co_50,txt 0,049600 501,186983 469,153076
RC104_co_50,txt 0,060133 612,163424 567,550676
RC105_co_50,txt 0,051933 606,548712 586,762305
RC106_co_50,txt 0,056767 625,949390 591,657640
RC107_co_50,txt 0,058700 651,664098 622,299379
RC108_co_50,txt 0,054267 561,966561 533,570233
RC201_co_50,txt 0,060167 630,109806 554,851653
RC202_co_50,txt 0,049400 492,701734 413,394409
RC203_co_50,txt 0,050400 491,156205 422,833022
RC204_co_50,txt 0,076833 422,143314 361,911144
RC205_co_50,txt 0,065167 532,011046 479,678771
RC206_co_50,txt 0,055167 523,106754 484,962997
RC207_co_50,txt 0,063700 395,585114 370,960678
RC208_co_50,txt 0,067400 270,409759 257,716732
C101_co_100,txt 0,494733 863,685419 832,004388
C102_co_100,txt 0,576867 1013,183316 967,124180
C103_co_100,txt 0,706467 884,157723 847,417357
C104_co_100,txt 0,630300 716,130619 699,166388
C105_co_100,txt 0,546033 1003,886506 974,738148
C106_co_100,txt 0,513533 918,499247 893,231416
C107_co_100,txt 0,587667 1031,434207 966,337710
C108_co_100,txt 0,645600 795,018876 783,974765
C109_co_100,txt 0,703900 821,537509 795,883403
C201_co_100,txt 0,519267 656,385827 589,185168
C202_co_100,txt 0,626333 557,717702 512,976955
C203_co_100,txt 0,700800 541,260606 509,778499
C204_co_100,txt 0,764867 544,445274 507,699685
C205_co_100,txt 0,576267 511,562664 475,720068
C206_co_100,txt 0,606333 652,575567 617,421540
C207_co_100,txt 0,696233 544,967171 465,905581
C208_co_100,txt 0,609867 597,615916 546,848917
R101_co_100,txt 0,514967 802,876965 781,952235
R102_co_100,txt 0,536333 746,122254 729,939578
R103_co_100,txt 0,586700 804,285987 758,708474
R104_co_100,txt 0,582467 705,058234 665,031681
R105_co_100,txt 0,613767 765,353447 727,866575
R106_co_100,txt 0,549100 719,519902 697,693645
R107_co_100,txt 0,699200 733,799000 699,710865
R108_co_100,txt 0,642467 564,618183 532,079839
R109_co_100,txt 0,554333 708,679669 676,161479
R110_co_100,txt 0,508900 699,996901 663,817074
R111_co_100,txt 0,596233 728,920082 720,453886
R112_co_100,txt 0,595067 727,609171 707,667442
R201_co_100,txt 0,566167 727,524989 699,281714
R202_co_100,txt 0,647533 639,015481 592,807012
R203_co_100,txt 0,694967 594,691856 563,126743
R204_co_100,txt 0,824633 419,867760 384,937879
R205_co_100,txt 0,550233 540,511207 500,005122
R206_co_100,txt 0,725800 567,596917 524,148279
R207_co_100,txt 0,773067 523,321184 483,923758
R208_co_100,txt 0,897233 397,453627 362,158580
R209_co_100,txt 0,691300 466,429258 439,576093
R210_co_100,txt 0,659767 591,888115 571,406551
R211_co_100,txt 0,672567 476,092950 451,791208
RC101_co_100,txt 0,458100 1049,895765 1002,358409
RC102_co_100,txt 0,521567 1001,244324 941,876650
RC103_co_100,txt 0,523567 1066,980892 1017,596255
RC104_co_100,txt 0,553100 893,975267 873,480444
RC105_co_100,txt 0,461500 1089,158668 1066,083806
RC106_co_100,txt 0,524367 852,013721 824,700805
RC107_co_100,txt 0,536133 842,506077 817,657480
RC108_co_100,txt 0,538867 982,875849 954,378782
RC201_co_100,txt 0,513267 759,037551 727,246727
RC202_co_100,txt 0,540900 644,027865 612,873811
RC203_co_100,txt 0,656467 749,784540 683,490117
RC204_co_100,txt 0,841933 533,917401 492,959225
RC205_co_100,txt 0,533567 814,885958 761,177164
RC206_co_100,txt 0,638200 619,144586 561,866883
RC207_co_100,txt 0,569933 662,836676 594,673510
RC208_co_100,txt 0,645400 555,272881 514,730455
