instance,avg_time,avg_cost,best_cost
C101_co_25.txt,0.001500,200.376699,200.205499
C102_co_25.txt,0.001650,144.973729,143.953098
C103_co_25.txt,0.001563,204.594218,204.405800
C104_co_25.txt,0.001747,192.538122,187.308535
C105_co_25.txt,0.001533,212.448207,210.253643
C106_co_25.txt,0.001587,213.251073,211.040740
C107_co_25.txt,0.001640,212.339551,210.232405
C108_co_25.txt,0.001897,155.944019,155.930633
C109_co_25.txt,0.001687,141.763202,140.844139
C201_co_25.txt,0.001510,203.402945,202.084744
C202_co_25.txt,0.001603,129.635963,129.635963
C203_co_25.txt,0.001713,156.551239,152.845238
C204_co_25.txt,0.001763,153.405743,146.322141
C205_co_25.txt,0.001733,177.682575,174.470062
C206_co_25.txt,0.001693,172.731718,172.392467
C207_co_25.txt,0.001890,123.011269,121.730993
C208_co_25.txt,0.001750,164.544549,164.537316
R101_co_25.txt,0.001717,262.996624,230.222026
R102_co_25.txt,0.001450,202.414479,202.414479
R103_co_25.txt,0.001710,206.772493,201.838581
R104_co_25.txt,0.001667,239.611579,239.514894
R105_co_25.txt,0.001537,204.468858,204.468858
R106_co_25.txt,0.001647,193.719392,186.738476
R107_co_25.txt,0.001657,239.601954,239.514894
R108_co_25.txt,0.001617,254.740424,252.490790
R109_co_25.txt,0.001783,271.833817,271.435948
R110_co_25.txt,0.001733,241.808427,239.799887
R111_co_25.txt,0.001577,249.809988,247.936466
R112_co_25.txt,0.001640,186.243234,186.139180
R201_co_25.txt,0.001633,326.845122,317.343872
R202_co_25.txt,0.001820,262.613927,258.403350
R203_co_25.txt,0.001850,190.536309,186.010007
R204_co_25.txt,0.002043,167.493085,154.567745
R205_co_25.txt,0.001877,232.942656,229.505638
R206_co_25.txt,0.001577,201.153348,196.136858
R207_co_25.txt,0.001713,213.487015,204.831375
R208_co_25.txt,0.001553,164.072896,164.069669
R209_co_25.txt,0.001720,238.724432,238.589846
R210_co_25.txt,0.001687,297.543538,286.897253
R211_co_25.txt,0.001760,132.691881,131.778098
RC101_co_25.txt,0.001490,350.142919,333.153187
RC102_co_25.txt,0.001710,310.119055,299.164335
RC103_co_25.txt,0.001567,244.199598,244.199598
RC104_co_25.txt,0.001643,312.849893,312.382668
RC105_co_25.txt,0.001347,312.266657,310.795916
RC106_co_25.txt,0.001717,282.460476,280.451431
RC107_co_25.txt,0.001630,313.102912,300.660884
RC108_co_25.txt,0.001700,278.874162,276.239334
RC201_co_25.txt,0.001790,271.212157,270.766864
RC202_co_25.txt,0.001593,307.741729,294.639160
RC203_co_25.txt,0.001753,215.622889,208.391726
RC204_co_25.txt,0.001637,181.079468,176.619729
RC205_co_25.txt,0.001797,284.238835,284.071523
RC206_co_25.txt,0.001767,251.401664,247.483414
RC207_co_25.txt,0.001710,264.395938,252.602779
RC208_co_25.txt,0.001807,188.296050,182.772697
C101_co_50.txt,0.006653,398.366177,370.346164
C102_co_50.txt,0.007063,377.738851,356.527273
C103_co_50.txt,0.007067,327.073322,309.133225
C104_co_50.txt,0.006887,348.303243,343.858497
C105_co_50.txt,0.007310,387.147901,357.977777
C106_co_50.txt,0.006350,326.489868,322.960146
C107_co_50.txt,0.006430,335.970622,329.277547
C108_co_50.txt,0.006577,340.866001,339.106630
C109_co_50.txt,0.007287,335.865238,329.804376
C201_co_50.txt,0.007627,289.477167,285.568293
C202_co_50.txt,0.008330,247.398478,228.424800
C203_co_50.txt,0.007993,263.258235,258.439793
C204_co_50.txt,0.008747,295.820181,283.678842
C205_co_50.txt,0.008127,275.791725,269.341418
C206_co_50.txt,0.007717,236.698615,235.201796
C207_co_50.txt,0.007473,295.644790,290.637417
C208_co_50.txt,0.007923,298.336271,287.152410
R101_co_50.txt,0.006247,483.415594,466.200370
R102_co_50.txt,0.006670,463.043477,438.698496
R103_co_50.txt,0.006683,350.856313,330.797452
R104_co_50.txt,0.008030,389.563983,380.542033
R105_co_50.txt,0.007177,459.139697,444.610785
R106_co_50.txt,0.006457,481.771976,455.373569
R107_co_50.txt,0.006627,402.576871,393.871411
R108_co_50.txt,0.006737,473.074882,467.314164
R109_co_50.txt,0.007607,543.227402,522.307719
R110_co_50.txt,0.007170,424.148107,403.049219
R111_co_50.txt,0.006797,376.762899,365.336417
R112_co_50.txt,0.006397,389.893392,379.171028
R201_co_50.txt,0.008297,427.082358,411.336031
R202_co_50.txt,0.008213,362.624200,340.481330
R203_co_50.txt,0.008207,318.815509,308.572502
R204_co_50.txt,0.008293,306.014236,297.787142
R205_co_50.txt,0.008343,378.676217,360.477734
R206_co_50.txt,0.008660,425.748533,403.593672
R207_co_50.txt,0.009443,380.679244,364.640213
R208_co_50.txt,0.009103,281.352691,265.167944
R209_co_50.txt,0.007747,394.340069,367.496226
R210_co_50.txt,0.008283,348.998643,325.483507
R211_co_50.txt,0.008670,375.158752,353.993083
RC101_co_50.txt,0.005707,698.281136,652.086414
RC102_co_50.txt,0.006667,610.394693,566.158979
RC103_co_50.txt,0.006757,483.527828,469.153076
RC104_co_50.txt,0.006767,597.762993,555.107199
RC105_co_50.txt,0.006113,602.515746,586.762305
RC106_co_50.txt,0.005683,614.811573,591.657640
RC107_co_50.txt,0.006167,637.317822,619.569137
RC108_co_50.txt,0.006723,550.877667,535.956379
RC201_co_50.txt,0.007577,629.696673,567.214389
RC202_co_50.txt,0.007340,426.918147,413.394409
RC203_co_50.txt,0.008487,432.704246,415.565828
RC204_co_50.txt,0.008033,369.830007,361.084077
RC205_co_50.txt,0.008780,484.569242,464.381224
RC206_co_50.txt,0.008830,493.563127,471.042856
RC207_co_50.txt,0.008867,380.334212,359.226673
RC208_co_50.txt,0.008197,263.440429,259.289189
C101_co_100.txt,0.032187,899.326213,843.576016
C102_co_100.txt,0.037347,1055.175717,963.975303
C103_co_100.txt,0.031627,927.381734,866.646226
C104_co_100.txt,0.029333,744.544108,704.485528
C105_co_100.txt,0.035233,1062.492904,995.169938
C106_co_100.txt,0.029653,940.324516,904.924918
C107_co_100.txt,0.036887,1071.857495,1023.803836
C108_co_100.txt,0.028123,822.996444,787.827255
C109_co_100.txt,0.031223,857.549592,813.837451
C201_co_100.txt,0.039140,647.600496,587.642086
C202_co_100.txt,0.039580,576.840802,526.602894
C203_co_100.txt,0.045073,570.925500,521.742630
C204_co_100.txt,0.046390,575.111436,528.111409
C205_co_100.txt,0.043877,514.085946,485.212996
C206_co_100.txt,0.045563,674.779248,617.777615
C207_co_100.txt,0.039517,527.403892,479.509413
C208_co_100.txt,0.041110,587.532660,527.534141
R101_co_100.txt,0.032310,827.840698,793.788064
R102_co_100.txt,0.034827,783.771351,754.317097
R103_co_100.txt,0.051190,854.086714,814.684397
R104_co_100.txt,0.050803,740.269154,708.939518
R105_co_100.txt,0.047510,797.980013,762.620030
R106_co_100.txt,0.050347,768.901658,728.710572
R107_co_100.txt,0.056747,764.289774,739.811097
R108_co_100.txt,0.051047,619.649784,581.000215
R109_co_100.txt,0.047517,777.998564,723.144434
R110_co_100.txt,0.039730,741.116228,702.797614
R111_co_100.txt,0.029820,793.603194,743.530611
R112_co_100.txt,0.029980,777.069102,730.469397
R201_co_100.txt,0.041873,753.513780,715.546747
R202_co_100.txt,0.038573,680.313847,631.972033
R203_co_100.txt,0.048667,634.097969,584.383590
R204_co_100.txt,0.048703,456.224024,412.174550
R205_co_100.txt,0.041837,558.600212,503.593297
R206_co_100.txt,0.046247,590.874140,564.005951
R207_co_100.txt,0.047683,595.723810,552.880450
R208_co_100.txt,0.053090,424.236261,384.977073
R209_co_100.txt,0.047840,477.942585,453.763012
R210_co_100.txt,0.047657,629.355397,592.811914
R211_co_100.txt,0.048150,486.705959,455.792293
RC101_co_100.txt,0.029143,1108.526543,1028.589729
RC102_co_100.txt,0.029197,1060.452716,1004.796701
RC103_co_100.txt,0.031500,1121.388767,1067.231973
RC104_co_100.txt,0.032623,922.096376,876.270661
RC105_co_100.txt,0.030183,1141.551555,1095.358365
RC106_co_100.txt,0.030267,928.061391,875.102944
RC107_co_100.txt,0.029327,897.513116,845.307828
RC108_co_100.txt,0.034633,1039.089893,1001.692867
RC201_co_100.txt,0.051010,819.530016,757.812880
RC202_co_100.txt,0.047640,664.641481,624.164140
RC203_co_100.txt,0.046967,810.090698,732.624300
RC204_co_100.txt,0.058413,541.499646,509.852992
RC205_co_100.txt,0.060473,827.448526,774.233197
RC206_co_100.txt,0.070453,660.278568,612.939459
RC207_co_100.txt,0.070050,748.903833,681.632761
RC208_co_100.txt,0.072437,568.692165,530.983624
