25 2
25 700
10
30
10
10
10
20
20
20
10
10
10
20
30
10
40
40
20
20
10
10
20
20
10
10
40
40 50 0 3390 0 0
52 75 302 479 90 3
45 70 157 428 90 2
62 69 1138 1355 90 3
60 66 1247 1434 90 2
42 65 15 208 90 1
16 42 209 944 90 1
58 70 1059 1246 90 2
34 60 2035 3288 90 1
28 70 2090 3271 90 2
35 66 2311 3283 90 1
35 69 2428 3127 90 2
25 85 1772 2625 90 3
22 75 2135 2834 90 1
22 85 1586 2625 90 3
20 80 1858 2733 90 2
20 85 1512 2515 90 3
18 75 1895 2886 90 3
15 75 1299 2344 90 2
15 80 1461 2372 90 3
30 50 10 963 90 1
30 56 2062 3288 90 3
28 52 12 752 90 3
14 66 1316 2129 90 3
25 50 15 532 90 1
22 66 2177 2990 90 3
20 56 0 3390 45 4
29 57 0 3390 45 4
0 1
0 1
0 1
0 1
0 0
0 0
0 1
0 0
0 1
0 0
0 1
0 1
0 0
0 1
1 0
1 0
1 0
1 0
1 0
0 0
0 1
0 1
1 0
0 0
1 0
