25 2
25 700
10
30
10
10
10
20
20
20
10
10
10
20
30
10
40
40
20
20
10
10
20
20
10
10
40
40 50 0 3390 0 0
52 75 231 551 90 1
45 70 133 453 90 2
62 69 1087 1407 90 1
60 66 1181 1501 90 1
42 65 15 335 90 1
16 42 417 737 90 3
58 70 993 1313 90 1
34 60 2807 3127 90 1
28 70 2521 2841 90 3
35 66 2711 3031 90 3
35 69 2618 2938 90 3
25 85 2039 2359 90 3
22 75 2325 2645 90 2
22 85 1946 2266 90 2
20 80 2136 2456 90 3
20 85 1854 2174 90 1
18 75 2231 2551 90 3
15 75 1662 1982 90 1
15 80 1757 2077 90 1
30 50 10 330 90 2
30 56 2903 3223 90 3
28 52 12 332 90 1
14 66 1563 1883 90 1
25 50 36 356 90 2
22 66 2424 2744 90 2
57 54 0 3390 45 4
18 85 0 3390 45 4
0 0
1 0
0 0
0 0
0 0
1 0
0 0
0 0
0 1
1 0
0 1
0 1
0 1
0 1
0 1
0 0
0 1
0 0
0 0
1 0
1 0
0 0
0 0
1 0
0 1
