instance,avg_time,avg_cost,#_vehicles,best_cost
C101_co_25.txt,0.012700,200.205499,3,200.205499
C102_co_25.txt,0.015000,144.868563,3,143.953098
C103_co_25.txt,0.016133,204.405800,3,204.405800
C104_co_25.txt,0.019500,188.990798,3,187.308535
C105_co_25.txt,0.014133,211.040740,3,211.040740
C106_co_25.txt,0.014367,211.148882,3,211.040740
C107_co_25.txt,0.015000,210.692208,3,210.235002
C108_co_25.txt,0.012167,155.930633,3,155.930633
C109_co_25.txt,0.017700,141.202069,3,140.844139
C201_co_25.txt,0.014200,204.213987,2,202.084744
C202_co_25.txt,0.013633,129.933006,1,129.635963
C203_co_25.txt,0.017633,147.246596,1,146.856490
C204_co_25.txt,0.018667,146.438866,1,146.322141
C205_co_25.txt,0.017967,171.571074,2,168.813208
C206_co_25.txt,0.014500,171.733806,2,171.729565
C207_co_25.txt,0.016933,121.867041,1,121.730993
C208_co_25.txt,0.012967,163.961233,1,163.466909
R101_co_25.txt,0.010567,183.753963,2,183.753963
R102_co_25.txt,0.010767,202.361142,3,202.361142
R103_co_25.txt,0.011700,197.985582,2,197.985582
R104_co_25.txt,0.014733,239.572848,3,239.514894
R105_co_25.txt,0.009867,204.415521,3,204.415521
R106_co_25.txt,0.014133,187.412873,2,186.738476
R107_co_25.txt,0.013400,239.514894,3,239.514894
R108_co_25.txt,0.015567,253.309657,2,252.490790
R109_co_25.txt,0.013200,267.756872,3,265.174323
R110_co_25.txt,0.012967,242.233578,3,239.799887
R111_co_25.txt,0.019300,248.384474,3,247.936466
R112_co_25.txt,0.011567,186.443972,2,186.085843
R201_co_25.txt,0.019900,322.133678,3,317.343872
R202_co_25.txt,0.021267,262.119598,2,258.403350
R203_co_25.txt,0.018533,186.010007,2,186.010007
R204_co_25.txt,0.018833,154.567745,1,154.567745
R205_co_25.txt,0.017467,231.323899,1,229.505638
R206_co_25.txt,0.014733,196.780985,1,196.136858
R207_co_25.txt,0.017133,201.434788,1,198.279198
R208_co_25.txt,0.013700,164.016332,1,164.016332
R209_co_25.txt,0.017000,239.100074,2,238.589846
R210_co_25.txt,0.020433,284.137717,2,279.626884
R211_co_25.txt,0.017967,132.340343,1,131.778098
RC101_co_25.txt,0.009867,333.153187,3,333.153187
RC102_co_25.txt,0.016067,304.469218,3,299.164335
RC103_co_25.txt,0.010833,244.199598,3,244.199598
RC104_co_25.txt,0.012100,310.231209,3,309.932164
RC105_co_25.txt,0.013167,310.293151,3,310.293151
RC106_co_25.txt,0.012133,280.451431,3,280.451431
RC107_co_25.txt,0.011833,301.549397,3,300.660884
RC108_co_25.txt,0.011167,276.239334,3,276.239334
RC201_co_25.txt,0.014767,270.766864,2,270.766864
RC202_co_25.txt,0.023867,303.644963,3,294.639160
RC203_co_25.txt,0.017933,212.328316,1,208.391726
RC204_co_25.txt,0.017133,176.990109,1,175.927135
RC205_co_25.txt,0.025700,286.241899,3,284.071523
RC206_co_25.txt,0.015567,248.665381,2,247.483414
RC207_co_25.txt,0.019233,252.987282,2,252.602779
RC208_co_25.txt,0.018667,188.988146,1,182.772697
C101_co_50.txt,0.189267,379.810798,5,370.012591
C102_co_50.txt,0.163033,364.140862,5,356.527273
C103_co_50.txt,0.167267,318.095060,5,318.095060
C104_co_50.txt,0.217267,344.835091,5,341.657489
C105_co_50.txt,0.185900,373.573372,5,356.101247
C106_co_50.txt,0.149133,324.438871,5,322.960146
C107_co_50.txt,0.149733,330.298337,5,329.277547
C108_co_50.txt,0.179767,339.692171,5,339.692171
C109_co_50.txt,0.201133,331.327170,5,329.804376
C201_co_50.txt,0.216333,285.848418,3,285.545075
C202_co_50.txt,0.240167,244.884146,2,228.424800
C203_co_50.txt,0.253500,265.101493,2,258.439793
C204_co_50.txt,0.345067,276.117232,2,275.158570
C205_co_50.txt,0.242167,271.932280,2,269.341418
C206_co_50.txt,0.266267,238.636238,2,236.102347
C207_co_50.txt,0.237367,289.974515,2,289.974515
C208_co_50.txt,0.266900,300.250579,2,286.144122
R101_co_50.txt,0.196500,458.239658,6,456.062346
R102_co_50.txt,0.189567,430.477423,5,427.470921
R103_co_50.txt,0.174600,329.754607,4,323.874391
R104_co_50.txt,0.155500,379.584315,4,379.273587
R105_co_50.txt,0.169367,433.626495,5,431.314348
R106_co_50.txt,0.170433,455.452090,5,452.714844
R107_co_50.txt,0.155033,398.007829,5,392.271616
R108_co_50.txt,0.209933,468.053169,5,463.780117
R109_co_50.txt,0.193233,504.614863,5,496.140200
R110_co_50.txt,0.165467,408.290510,4,404.926294
R111_co_50.txt,0.166433,365.031053,4,362.360608
R112_co_50.txt,0.131700,385.158226,4,376.986671
R201_co_50.txt,0.240100,415.825540,4,410.128000
R202_co_50.txt,0.219567,325.792201,3,322.778036
R203_co_50.txt,0.359167,317.735350,3,308.572502
R204_co_50.txt,0.325400,302.119253,2,297.787142
R205_co_50.txt,0.245100,370.666544,3,359.138641
R206_co_50.txt,0.284333,400.297319,2,384.765864
R207_co_50.txt,0.271133,333.394162,2,328.276830
R208_co_50.txt,0.310000,264.183485,2,262.049862
R209_co_50.txt,0.246800,371.693114,2,364.842365
R210_co_50.txt,0.301733,330.618765,2,320.185715
R211_co_50.txt,0.264233,341.104174,2,336.525759
RC101_co_50.txt,0.145667,663.091374,6,645.158746
RC102_co_50.txt,0.154667,563.061202,5,546.596169
RC103_co_50.txt,0.124600,469.153088,5,469.153076
RC104_co_50.txt,0.129133,556.537128,5,552.530639
RC105_co_50.txt,0.117200,585.812013,6,579.610457
RC106_co_50.txt,0.158267,597.014205,6,590.644517
RC107_co_50.txt,0.145933,611.570851,5,599.596157
RC108_co_50.txt,0.144333,533.570233,5,533.570233
RC201_co_50.txt,0.202800,563.829676,4,539.544307
RC202_co_50.txt,0.193600,415.223038,3,413.394409
RC203_co_50.txt,0.231533,418.663412,3,415.565828
RC204_co_50.txt,0.280467,361.429838,2,357.916792
RC205_co_50.txt,0.271600,459.173503,4,441.632466
RC206_co_50.txt,0.264833,479.005411,3,471.042856
RC207_co_50.txt,0.243433,358.798340,1,358.559771
RC208_co_50.txt,0.237767,258.325591,2,257.716732
C101_co_100.txt,1.976233,820.160631,10,809.706100
C102_co_100.txt,3.016333,954.041640,10,933.095606
C103_co_100.txt,3.070167,846.603265,10,838.069672
C104_co_100.txt,2.863533,701.742901,10,692.611444
C105_co_100.txt,2.865900,964.536516,10,946.351112
C106_co_100.txt,2.547633,881.689213,10,866.162547
C107_co_100.txt,3.373900,980.313980,10,964.093717
C108_co_100.txt,2.568100,774.965387,10,771.546431
C109_co_100.txt,2.870833,794.015476,10,785.257723
C201_co_100.txt,3.096500,574.582797,3,545.048344
C202_co_100.txt,3.244533,507.151329,4,499.697284
C203_co_100.txt,3.560500,519.929215,4,509.778499
C204_co_100.txt,3.583367,515.472007,3,491.368093
C205_co_100.txt,2.950133,466.341496,3,449.161995
C206_co_100.txt,3.373000,615.510238,3,597.969051
C207_co_100.txt,2.975567,483.293457,3,464.739340
C208_co_100.txt,2.977233,534.334687,3,511.495609
R101_co_100.txt,2.359100,777.320235,11,769.262998
R102_co_100.txt,2.110533,727.074944,8,709.920284
R103_co_100.txt,2.496633,764.656058,10,742.193432
R104_co_100.txt,2.547133,666.077575,8,656.579720
R105_co_100.txt,2.005567,727.967778,8,715.030983
R106_co_100.txt,2.433667,692.706361,8,670.318178
R107_co_100.txt,2.615033,703.895387,8,690.277417
R108_co_100.txt,2.378000,544.542337,8,529.533207
R109_co_100.txt,2.009400,670.711125,8,662.990143
R110_co_100.txt,2.197800,669.868569,8,659.798643
R111_co_100.txt,1.819900,713.594382,8,708.856872
R112_co_100.txt,2.344567,699.881083,8,682.457787
R201_co_100.txt,3.444100,713.798824,6,696.341486
R202_co_100.txt,4.092033,609.802941,4,592.807012
R203_co_100.txt,4.347767,577.830810,4,551.532104
R204_co_100.txt,4.233433,394.590564,2,384.937879
R205_co_100.txt,3.661233,507.644336,3,480.353644
R206_co_100.txt,3.740333,543.273408,3,529.014446
R207_co_100.txt,4.196933,501.084484,3,483.424297
R208_co_100.txt,4.172467,376.380602,2,361.768140
R209_co_100.txt,3.926467,457.443589,3,439.292412
R210_co_100.txt,4.186500,570.752024,4,550.775901
R211_co_100.txt,3.927533,457.866538,2,446.632375
RC101_co_100.txt,1.808933,993.822241,10,983.976441
RC102_co_100.txt,2.087333,940.952273,10,923.486870
RC103_co_100.txt,2.035033,1020.292543,9,988.761576
RC104_co_100.txt,2.157267,874.468326,9,854.727532
RC105_co_100.txt,2.177800,1054.821375,11,1038.640402
RC106_co_100.txt,1.809833,826.830236,9,817.413524
RC107_co_100.txt,1.930467,813.264000,9,807.312307
RC108_co_100.txt,2.202800,952.029816,9,936.715802
RC201_co_100.txt,3.261833,738.679107,5,714.357393
RC202_co_100.txt,3.345800,621.498354,4,607.379803
RC203_co_100.txt,3.167300,682.132205,3,665.752385
RC204_co_100.txt,4.191467,490.161728,2,482.899711
RC205_co_100.txt,3.392400,761.255215,5,748.077232
RC206_co_100.txt,3.392633,590.229716,4,554.935204
RC207_co_100.txt,3.274167,628.222578,4,597.749406
RC208_co_100.txt,3.478133,518.324375,3,501.362544