instance,avg_time,avg_cost,#_vehicles,best_cost
C101_co_25.txt,0.009333,199.800000,3,199.800000
C102_co_25.txt,0.008633,146.416667,3,143.500000
C103_co_25.txt,0.011200,203.900000,3,203.900000
C104_co_25.txt,0.011933,187.440000,3,182.100000
C105_co_25.txt,0.010200,206.900000,3,206.900000
C106_co_25.txt,0.011200,208.800000,3,208.800000
C107_co_25.txt,0.010667,206.900000,3,206.900000
C108_co_25.txt,0.008000,155.300000,3,155.300000
C109_co_25.txt,0.008933,141.286667,3,140.500000
C201_co_25.txt,0.013667,195.500000,2,195.500000
C202_co_25.txt,0.004767,119.600000,1,119.600000
C203_co_25.txt,0.008400,146.400000,1,146.400000
C204_co_25.txt,0.009800,145.900000,1,145.900000
C205_co_25.txt,0.014533,168.966667,2,168.200000
C206_co_25.txt,0.014167,171.300000,2,171.300000
C207_co_25.txt,0.008700,121.300000,1,121.300000
C208_co_25.txt,0.011900,162.200000,1,162.200000
R101_co_25.txt,0.008167,178.600000,2,178.600000
R102_co_25.txt,0.006033,187.800000,2,187.800000
R103_co_25.txt,0.005800,197.600000,2,197.600000
R104_co_25.txt,0.013667,238.900000,3,238.900000
R105_co_25.txt,0.005733,194.100000,2,194.100000
R106_co_25.txt,0.007733,179.280000,2,177.000000
R107_co_25.txt,0.011433,238.900000,3,238.900000
R108_co_25.txt,0.010267,251.903333,2,250.800000
R109_co_25.txt,0.010700,260.700000,3,260.700000
R110_co_25.txt,0.011867,239.200000,3,239.200000
R111_co_25.txt,0.009267,245.300000,2,245.300000
R112_co_25.txt,0.006767,185.600000,2,185.600000
R201_co_25.txt,0.009933,304.700000,3,304.700000
R202_co_25.txt,0.010433,257.933333,2,257.800000
R203_co_25.txt,0.010500,185.600000,2,185.600000
R204_co_25.txt,0.010667,154.200000,1,154.200000
R205_co_25.txt,0.011767,219.100000,1,219.100000
R206_co_25.txt,0.008333,195.800000,1,195.800000
R207_co_25.txt,0.008233,197.900000,1,197.900000
R208_co_25.txt,0.005467,163.800000,1,163.800000
R209_co_25.txt,0.009900,232.600000,1,232.600000
R210_co_25.txt,0.014433,279.100000,2,279.100000
R211_co_25.txt,0.008133,131.500000,1,131.500000
RC101_co_25.txt,0.009933,332.600000,3,332.600000
RC102_co_25.txt,0.008300,297.900000,3,297.900000
RC103_co_25.txt,0.006900,243.800000,3,243.800000
RC104_co_25.txt,0.012167,309.546667,3,309.400000
RC105_co_25.txt,0.006867,309.700000,3,309.700000
RC106_co_25.txt,0.011333,279.970000,4,279.100000
RC107_co_25.txt,0.012067,300.183333,3,299.900000
RC108_co_25.txt,0.007600,275.700000,3,275.700000
RC201_co_25.txt,0.010733,270.210000,2,270.200000
RC202_co_25.txt,0.014767,295.593333,3,293.900000
RC203_co_25.txt,0.009033,208.000000,1,208.000000
RC204_co_25.txt,0.005433,175.700000,1,175.700000
RC205_co_25.txt,0.012233,286.610000,3,283.200000
RC206_co_25.txt,0.010967,246.700000,2,246.700000
RC207_co_25.txt,0.011967,250.500000,2,250.500000
RC208_co_25.txt,0.008100,182.300000,1,182.300000
C101_co_50.txt,0.105600,370.910000,5,366.800000
C102_co_50.txt,0.105967,358.963333,5,351.200000
C103_co_50.txt,0.066567,309.953333,5,306.900000
C104_co_50.txt,0.103867,343.940000,5,340.700000
C105_co_50.txt,0.088833,371.200000,5,349.500000
C106_co_50.txt,0.073467,325.180000,5,321.900000
C107_co_50.txt,0.081667,330.403333,5,328.700000
C108_co_50.txt,0.080700,338.806667,5,338.500000
C109_co_50.txt,0.085000,329.846667,5,329.000000
C201_co_50.txt,0.086700,283.586667,2,282.200000
C202_co_50.txt,0.063067,227.600000,2,227.600000
C203_co_50.txt,0.065533,257.800000,2,257.800000
C204_co_50.txt,0.122533,274.540000,2,274.400000
C205_co_50.txt,0.060933,266.130000,2,266.100000
C206_co_50.txt,0.053600,237.520000,2,234.600000
C207_co_50.txt,0.116433,288.716667,2,288.700000
C208_co_50.txt,0.108067,285.300000,2,285.300000
R101_co_50.txt,0.065433,449.400000,5,449.400000
R102_co_50.txt,0.090800,422.900000,5,422.900000
R103_co_50.txt,0.063233,326.900000,4,316.600000
R104_co_50.txt,0.096700,378.816667,4,377.800000
R105_co_50.txt,0.064833,413.500000,5,413.500000
R106_co_50.txt,0.076800,448.580000,5,447.900000
R107_co_50.txt,0.106900,390.266667,4,389.000000
R108_co_50.txt,0.115967,447.626667,4,430.900000
R109_co_50.txt,0.124200,476.616667,4,475.300000
R110_co_50.txt,0.104733,396.413333,4,391.700000
R111_co_50.txt,0.065233,358.500000,4,358.100000
R112_co_50.txt,0.068167,372.266667,4,367.800000
R201_co_50.txt,0.117067,409.220000,4,409.200000
R202_co_50.txt,0.069600,320.100000,2,320.100000
R203_co_50.txt,0.073567,308.223333,3,307.700000
R204_co_50.txt,0.083533,297.100000,2,297.100000
R205_co_50.txt,0.161033,362.753333,3,358.000000
R206_co_50.txt,0.124800,383.800000,2,383.800000
R207_co_50.txt,0.108600,312.700000,2,312.700000
R208_co_50.txt,0.084267,247.200000,1,247.200000
R209_co_50.txt,0.102767,361.133333,2,358.600000
R210_co_50.txt,0.139167,321.413333,2,319.000000
R211_co_50.txt,0.148567,333.226667,2,329.400000
RC101_co_50.txt,0.078067,633.036667,6,630.800000
RC102_co_50.txt,0.089867,544.603333,5,538.300000
RC103_co_50.txt,0.046367,468.300000,5,468.300000
RC104_co_50.txt,0.086367,555.893333,5,551.400000
RC105_co_50.txt,0.063167,583.566667,6,578.300000
RC106_co_50.txt,0.065767,578.396667,5,555.600000
RC107_co_50.txt,0.078200,601.523333,5,595.300000
RC108_co_50.txt,0.073867,532.800000,5,532.800000
RC201_co_50.txt,0.104100,543.230000,4,538.500000
RC202_co_50.txt,0.074567,412.600000,3,412.600000
RC203_co_50.txt,0.102000,417.416667,3,415.000000
RC204_co_50.txt,0.093100,332.300000,1,332.300000
RC205_co_50.txt,0.111533,445.000000,4,440.800000
RC206_co_50.txt,0.133267,470.643333,3,470.200000
RC207_co_50.txt,0.061667,352.570000,1,352.500000
RC208_co_50.txt,0.047867,243.700000,1,243.700000
C101_co_100.txt,0.852333,819.090000,10,806.900000
C102_co_100.txt,1.172300,951.280000,10,929.500000
C103_co_100.txt,1.042233,845.273333,10,838.200000
C104_co_100.txt,0.940033,696.026667,10,689.500000
C105_co_100.txt,0.982000,945.690000,10,940.900000
C106_co_100.txt,1.042000,879.126667,10,866.200000
C107_co_100.txt,1.172100,974.203333,10,960.600000
C108_co_100.txt,0.763100,780.266667,10,768.800000
C109_co_100.txt,1.206067,790.306667,10,776.800000
C201_co_100.txt,1.068933,511.800000,3,511.800000
C202_co_100.txt,0.667967,477.020000,3,471.800000
C203_co_100.txt,0.935100,481.263333,3,478.400000
C204_co_100.txt,1.004367,494.006667,3,488.100000
C205_co_100.txt,0.581767,429.500000,3,429.500000
C206_co_100.txt,1.299967,588.966667,3,574.200000
C207_co_100.txt,0.971233,467.210000,3,460.700000
C208_co_100.txt,1.099733,518.293333,3,505.200000
R101_co_100.txt,1.037833,756.900000,10,753.500000
R102_co_100.txt,0.938367,691.853333,8,683.200000
R103_co_100.txt,1.358567,729.213333,9,723.900000
R104_co_100.txt,1.118067,660.403333,8,651.100000
R105_co_100.txt,0.940000,709.146667,8,702.400000
R106_co_100.txt,0.878733,648.273333,8,630.400000
R107_co_100.txt,1.069467,690.200000,8,671.400000
R108_co_100.txt,0.732833,529.760000,8,527.800000
R109_co_100.txt,1.073367,661.900000,8,649.300000
R110_co_100.txt,1.052567,646.463333,8,643.200000
R111_co_100.txt,1.145733,708.903333,8,706.400000
R112_co_100.txt,1.164900,694.100000,8,678.400000
R201_co_100.txt,1.424233,679.960000,5,678.100000
R202_co_100.txt,1.230433,605.736667,4,588.100000
R203_co_100.txt,1.578533,556.086667,4,549.000000
R204_co_100.txt,1.095033,383.300000,2,383.300000
R205_co_100.txt,1.038133,483.890000,3,478.500000
R206_co_100.txt,1.199300,521.030000,3,516.800000
R207_co_100.txt,1.279200,474.486667,2,473.700000
R208_co_100.txt,0.754100,354.500000,2,354.500000
R209_co_100.txt,1.259600,436.736667,3,432.300000
R210_co_100.txt,1.212400,550.103333,4,546.100000
R211_co_100.txt,1.195367,435.530000,3,426.000000
RC101_co_100.txt,0.912100,983.073333,10,972.200000
RC102_co_100.txt,0.886733,929.056667,9,916.300000
RC103_co_100.txt,1.224400,1004.280000,9,976.000000
RC104_co_100.txt,1.010767,860.610000,9,839.400000
RC105_co_100.txt,1.250833,1035.813333,10,1020.500000
RC106_co_100.txt,0.602967,817.416667,9,807.300000
RC107_co_100.txt,0.784467,806.943333,9,802.700000
RC108_co_100.txt,0.984767,949.236667,9,936.100000
RC201_co_100.txt,1.269100,698.693333,5,697.600000
RC202_co_100.txt,1.221267,591.413333,5,585.100000
RC203_co_100.txt,1.261533,637.130000,3,635.700000
RC204_co_100.txt,0.886333,484.120000,2,481.800000
RC205_co_100.txt,1.420500,746.066667,5,743.700000
RC206_co_100.txt,1.215667,563.213333,4,553.600000
RC207_co_100.txt,1.550967,598.020000,4,592.900000
RC208_co_100.txt,1.124100,503.823333,2,496.200000
