50	3
25	200
10
30
10
10
10
20
20
20
10
10
10
20
30
10
40
40
20
20
10
10
20
20
10
10
40
10
10
20
10
10
20
30
40
20
10
10
20
30
20
10
10
20
10
10
10
30
10
10
10
10
40	50	0	1236	0	0
45	68	912	967	90	3
45	70	825	870	90	1
42	66	65	146	90	2
42	68	727	782	90	3
42	65	15	67	90	2
40	69	621	702	90	3
40	66	170	225	90	1
38	68	255	324	90	3
38	70	534	605	90	3
35	66	357	410	90	2
35	69	448	505	90	1
25	85	652	721	90	3
22	75	30	92	90	2
22	85	567	620	90	2
20	80	384	429	90	2
20	85	475	528	90	2
18	75	99	148	90	3
15	75	179	254	90	1
15	80	278	345	90	1
30	50	10	73	90	2
30	52	914	965	90	2
28	52	812	883	90	3
28	55	732	777	90	2
25	50	65	144	90	3
25	52	169	224	90	1
25	55	622	701	90	1
23	52	261	316	90	2
23	55	546	593	90	1
20	50	358	405	90	1
20	55	449	504	90	1
10	35	200	237	90	3
10	40	31	100	90	2
8	40	87	158	90	3
8	45	751	816	90	1
5	35	283	344	90	2
5	45	665	716	90	2
2	40	383	434	90	1
0	40	479	522	90	1
0	45	567	624	90	3
35	30	264	321	90	3
35	32	166	235	90	1
33	32	68	149	90	2
33	35	16	80	90	2
32	30	359	412	90	3
30	30	541	600	90	1
30	32	448	509	90	1
30	35	1054	1127	90	1
28	30	632	693	90	3
28	35	1001	1066	90	1
26	32	815	880	90	1
29	68	0	1236	45	4
8	57	0	1236	45	4
5	58	0	1236	45	4
1	0	0	
0	0	0	
1	0	0	
1	0	0	
1	0	0	
1	0	0	
0	0	0	
1	0	0	
1	0	0	
1	0	0	
0	0	0	
1	0	0	
1	0	0	
1	0	0	
1	0	0	
1	0	0	
1	0	0	
0	0	0	
0	0	0	
1	0	0	
1	0	0	
1	0	0	
1	0	0	
0	1	0	
0	0	0	
0	0	0	
0	1	0	
0	0	0	
0	0	0	
0	0	0	
0	1	0	
0	1	0	
0	1	0	
0	0	0	
0	1	0	
0	1	0	
0	0	0	
0	0	0	
0	0	1	
0	1	0	
0	0	0	
0	1	0	
1	0	0	
0	1	0	
0	0	0	
0	0	0	
0	0	0	
0	1	0	
0	0	0	
0	0	0	
