50 3
25 700
10
30
10
10
10
20
20
20
10
10
10
20
30
10
40
40
20
20
10
10
20
20
10
10
40
10
10
20
10
10
20
30
40
20
10
10
20
30
20
10
10
20
10
10
10
30
10
10
10
10
40 50 0 3390 0 0
52 75 213 568 90 3
45 70 22 563 90 2
62 69 1030 1463 90 2
60 66 1154 1527 90 1
42 65 15 402 90 1
16 42 331 822 90 2
58 70 965 1340 90 2
34 60 2653 3280 90 3
28 70 2385 2976 90 1
35 66 2628 3113 90 3
35 69 2603 2952 90 1
25 85 1985 2412 90 2
22 75 2310 2659 90 2
22 85 1846 2365 90 3
20 80 2077 2514 90 2
20 85 1763 2264 90 1
18 75 2143 2638 90 1
15 75 1560 2083 90 3
15 80 1689 2144 90 2
30 50 10 645 90 2
30 56 2675 3288 90 2
28 52 12 505 90 1
14 66 1519 1926 90 3
25 50 23 368 90 3
22 66 2380 2787 90 1
8 62 1330 1919 90 2
23 52 93 484 90 3
4 55 1268 1785 90 3
20 50 168 787 90 3
20 55 170 595 90 2
10 35 585 1136 90 2
10 40 448 897 90 3
8 40 499 1030 90 3
8 45 1190 1661 90 1
5 35 666 1245 90 2
5 45 1076 1589 90 1
2 40 772 1329 90 2
0 40 890 1395 90 3
0 45 1036 1439 90 1
36 18 1612 2185 90 2
35 32 2599 3076 90 2
33 32 2529 2962 90 3
33 35 2463 2842 90 3
32 20 1745 2240 90 3
30 30 1932 2437 90 2
34 25 1884 2293 90 2
30 35 2348 2771 90 3
36 40 2715 3156 90 3
48 20 812 1281 90 3
26 32 2018 2725 90 1
13 72 0 3390 5 4
41 50 0 3390 5 4
53 76 0 3390 5 4
0 0 1
0 0 1
0 0 1
0 0 0
0 0 0
0 1 0
0 0 1
0 1 0
0 0 0
0 1 0
0 0 0
1 0 0
1 0 0
1 0 0
1 0 0
0 0 0
0 0 0
1 0 0
1 0 0
0 1 0
0 1 0
0 0 0
1 0 0
0 1 0
0 0 0
1 0 0
0 1 0
1 0 0
0 1 0
1 0 0
0 1 0
1 0 0
1 0 0
0 0 0
1 0 0
0 0 0
1 0 0
1 0 0
0 0 0
0 1 0
0 1 0
0 1 0
0 1 0
0 1 0
0 1 0
0 1 0
0 1 0
0 1 0
0 1 0
0 0 0
