50	3
25	700
10
30
10
10
10
20
20
20
10
10
10
20
30
10
40
40
20
20
10
10
20
20
10
10
40
10
10
20
10
10
20
30
40
20
10
10
20
30
20
10
10
20
10
10
10
30
10
10
10
10
40	50	0	3390	0	0
52	75	71	711	90	1
45	70	20	660	90	2
62	69	927	1567	90	3
60	66	1021	1661	90	1
42	65	15	655	90	1
16	42	257	897	90	1
58	70	833	1473	90	1
34	60	2647	3287	90	2
28	70	2361	3001	90	1
35	66	2551	3191	90	2
35	69	2458	3098	90	2
25	85	1879	2519	90	3
22	75	2165	2805	90	3
22	85	1786	2426	90	3
20	80	1976	2616	90	3
20	85	1694	2334	90	1
18	75	2071	2711	90	3
15	75	1502	2142	90	2
15	80	1597	2237	90	3
30	50	10	650	90	3
30	56	2648	3288	90	1
28	52	12	652	90	1
14	66	1403	2043	90	2
25	50	15	655	90	1
22	66	2264	2904	90	2
8	62	1305	1945	90	1
23	52	17	657	90	3
4	55	1207	1847	90	1
20	50	158	798	90	2
20	55	63	703	90	1
10	35	541	1181	90	1
10	40	353	993	90	1
8	40	445	1085	90	1
8	45	1106	1746	90	3
5	35	636	1276	90	3
5	45	1013	1653	90	3
2	40	731	1371	90	1
0	40	823	1463	90	2
0	45	918	1558	90	2
36	18	1579	2219	90	3
35	32	2518	3158	90	2
33	32	2426	3066	90	2
33	35	2333	2973	90	3
32	20	1673	2313	90	1
30	30	1865	2505	90	2
34	25	1769	2409	90	1
30	35	2240	2880	90	3
36	40	2616	3256	90	3
48	20	727	1367	90	3
26	32	2052	2692	90	1
33	67	0	3390	5	4
34	43	0	3390	5	4
13	78	0	3390	5	4
0	0	0	
1	0	0	
1	0	0	
0	0	0	
0	0	0	
0	0	0	
0	0	0	
1	0	0	
0	0	0	
1	0	0	
1	0	0	
0	0	1	
0	0	1	
0	0	1	
0	0	1	
0	0	0	
0	0	1	
0	0	1	
0	0	1	
0	1	0	
0	0	0	
0	0	0	
0	0	1	
0	0	0	
1	0	0	
0	0	0	
0	1	0	
0	0	0	
0	1	0	
0	0	0	
0	0	0	
0	0	0	
0	0	0	
0	1	0	
0	1	0	
0	1	0	
0	0	0	
0	1	0	
0	1	0	
0	1	0	
0	1	0	
0	1	0	
0	1	0	
0	0	0	
0	1	0	
0	0	0	
0	1	0	
0	1	0	
0	1	0	
0	0	0	
