50	3
25	200
10
7
13
19
26
3
5
9
16
16
12
19
23
20
8
19
2
12
17
9
11
18
29
3
6
17
16
16
9
21
27
23
11
14
8
5
8
16
31
9
5
5
7
18
16
1
27
36
30
13
35	35	0	230	0	0
41	49	0	204	10	1
35	17	0	202	10	3
55	45	0	197	10	3
55	20	149	159	10	3
15	30	0	199	10	2
25	30	0	208	10	3
20	50	0	198	10	1
10	43	95	105	10	1
55	60	97	107	10	1
30	60	0	194	10	1
20	65	67	77	10	3
50	35	0	205	10	3
30	25	159	169	10	1
15	10	0	187	10	1
30	5	61	71	10	2
10	20	0	190	10	1
5	30	0	189	10	1
20	40	0	204	10	2
15	60	0	187	10	3
45	65	0	188	10	3
45	20	0	201	10	2
45	10	0	193	10	1
55	5	68	78	10	2
65	35	0	190	10	1
65	20	172	182	10	3
45	30	0	208	10	1
35	40	0	215	10	2
41	37	0	213	10	1
64	42	0	190	10	2
40	60	0	194	10	2
31	52	0	202	10	2
35	69	0	186	10	1
53	52	0	195	10	2
65	55	0	183	10	3
63	65	0	178	10	3
2	60	0	178	10	3
20	20	0	198	10	1
5	5	83	93	10	2
60	12	0	186	10	1
40	25	0	208	10	3
42	7	0	191	10	2
24	12	0	194	10	3
23	3	0	185	10	1
11	14	69	79	10	2
6	38	0	190	10	1
2	48	0	184	10	2
8	56	0	185	10	3
13	52	0	192	10	1
6	68	0	176	10	3
47	47	0	203	10	1
20	32	0	230	5	4
53	19	0	230	5	4
32	35	0	230	5	4
0	0	0	
0	1	0	
0	0	1	
0	1	0	
1	0	0	
1	0	0	
0	0	0	
0	0	0	
0	0	0	
0	0	0	
0	0	1	
0	1	0	
0	0	0	
0	0	0	
0	1	0	
0	0	0	
0	0	0	
1	0	0	
1	0	0	
0	0	1	
0	1	0	
0	0	0	
0	1	0	
0	0	0	
0	1	0	
0	0	0	
0	0	1	
0	0	0	
0	1	0	
0	0	1	
0	0	1	
0	0	0	
0	0	1	
0	1	0	
0	0	1	
1	0	0	
0	0	0	
1	0	0	
0	0	0	
0	0	1	
0	1	0	
1	0	0	
0	0	0	
1	0	0	
0	0	0	
1	0	0	
1	0	0	
0	0	0	
1	0	0	
0	0	0	
