50 3
25 200
10
7
13
19
26
3
5
9
16
16
12
19
23
20
8
19
2
12
17
9
11
18
29
3
6
17
16
16
9
21
27
23
11
14
8
5
8
16
31
9
5
5
7
18
16
1
27
36
30
13
35 35 0 230 0 0
41 49 0 204 10 1
35 17 0 202 10 1
55 45 0 197 10 3
55 20 139 169 10 1
15 30 0 199 10 3
25 30 89 119 10 3
20 50 0 198 10 3
10 43 85 115 10 3
55 60 87 117 10 1
30 60 114 144 10 3
20 65 57 87 10 1
50 35 0 205 10 1
30 25 149 179 10 3
15 10 32 62 10 2
30 5 51 81 10 2
10 20 65 95 10 3
5 30 147 177 10 1
20 40 77 107 10 3
15 60 66 96 10 2
45 65 116 146 10 1
45 20 0 201 10 1
45 10 87 117 10 2
55 5 58 88 10 1
65 35 143 173 10 1
65 20 156 186 10 3
45 30 0 208 10 2
35 40 27 57 10 2
41 37 29 59 10 1
64 42 53 83 10 2
40 60 61 91 10 2
31 52 0 202 10 2
35 69 131 161 10 3
53 52 27 57 10 2
65 55 0 183 10 2
63 65 133 163 10 3
2 60 41 71 10 2
20 20 0 198 10 2
5 5 73 103 10 2
60 12 34 64 10 1
40 25 75 105 10 3
42 7 87 117 10 1
24 12 25 55 10 2
23 3 122 152 10 3
11 14 59 89 10 2
6 38 29 59 10 3
2 48 107 137 10 2
8 56 41 71 10 2
13 52 0 192 10 3
6 68 98 128 10 2
47 47 0 203 10 2
7 18 0 230 5 4
27 10 0 230 5 4
25 11 0 230 5 4
0 0 0
0 0 0
0 1 0
0 0 0
1 0 0
0 0 1
1 0 0
1 0 0
0 0 0
1 0 0
0 0 0
0 0 0
0 0 1
0 0 1
0 1 0
1 0 0
0 0 0
1 0 0
1 0 0
0 0 0
0 0 0
0 1 0
0 0 0
0 0 0
0 1 0
0 1 0
0 0 1
0 0 0
0 1 0
0 0 1
0 0 1
1 0 0
0 1 0
0 1 0
0 1 0
1 0 0
0 0 1
1 0 0
0 0 0
0 1 0
0 0 0
0 0 1
0 1 0
1 0 0
1 0 0
1 0 0
1 0 0
1 0 0
1 0 0
0 1 0
