50	3
25	200
10
7
13
19
26
3
5
9
16
16
12
19
23
20
8
19
2
12
17
9
11
18
29
3
6
17
16
16
9
21
27
23
11
14
8
5
8
16
31
9
5
5
7
18
16
1
27
36
30
13
35	35	0	230	0	0
41	49	73	204	10	1
35	17	18	147	10	3
55	45	76	165	10	1
55	20	73	195	10	1
15	30	20	167	10	2
25	30	49	158	10	1
20	50	36	135	10	2
10	43	50	149	10	2
55	60	47	156	10	2
30	60	85	172	10	3
20	65	33	152	10	2
50	35	15	133	10	2
30	25	79	208	10	3
15	10	32	187	10	3
30	5	30	152	10	2
10	20	29	139	10	3
5	30	60	189	10	1
20	40	47	136	10	2
15	60	32	146	10	3
45	65	79	182	10	2
45	20	18	136	10	1
45	10	50	153	10	1
55	5	36	155	10	1
65	35	58	190	10	2
65	20	56	186	10	2
45	30	87	186	10	1
35	40	5	140	10	1
41	37	6	136	10	2
64	42	29	150	10	3
40	60	25	132	10	3
31	52	17	138	10	2
35	69	67	186	10	3
53	52	24	161	10	2
65	55	70	173	10	3
63	65	54	178	10	3
2	60	41	178	10	2
20	20	87	190	10	2
5	5	42	153	10	1
60	12	33	186	10	3
40	25	40	139	10	2
42	7	43	160	10	2
24	12	25	158	10	2
23	3	82	185	10	2
11	14	31	144	10	3
6	38	29	169	10	3
2	48	63	180	10	2
8	56	34	176	10	1
13	52	65	192	10	1
6	68	73	152	10	2
47	47	75	182	10	1
35	7	0	230	5	4
39	5	0	230	5	4
54	53	0	230	5	4
0	0	0	
1	0	0	
0	0	0	
0	0	0	
1	0	0	
0	0	0	
0	0	1	
1	0	0	
0	0	1	
0	0	1	
0	0	1	
0	0	1	
1	0	0	
1	0	0	
1	0	0	
1	0	0	
0	0	0	
1	0	0	
0	0	1	
0	0	1	
0	0	0	
0	0	0	
0	0	0	
0	0	1	
0	1	0	
0	0	0	
0	0	0	
0	0	1	
0	0	1	
0	0	1	
0	0	1	
0	0	1	
0	0	1	
0	0	1	
0	0	1	
0	0	1	
1	0	0	
0	0	0	
0	1	0	
1	0	0	
0	1	0	
1	0	0	
1	0	0	
1	0	0	
1	0	0	
0	0	1	
0	0	0	
0	0	0	
0	0	1	
0	0	0	
