50	3
25	1000
10
7
13
19
26
3
5
9
16
16
12
19
23
20
8
19
2
12
17
9
11
18
29
3
6
17
16
16
9
21
27
23
11
14
8
5
8
16
31
9
5
5
7
18
16
1
27
36
30
13
35	35	0	1000	0	0
41	49	0	974	10	3
35	17	0	972	10	1
55	45	0	967	10	2
55	20	620	860	10	1
15	30	0	969	10	2
25	30	345	585	10	3
20	50	0	968	10	3
10	43	323	563	10	1
55	60	329	569	10	3
30	60	485	725	10	2
20	65	146	386	10	3
50	35	0	975	10	3
30	25	639	879	10	3
15	10	32	272	10	1
30	5	118	358	10	2
10	20	203	443	10	2
5	30	682	922	10	1
20	40	286	526	10	2
15	60	204	444	10	1
45	65	504	744	10	3
45	20	0	971	10	3
45	10	332	572	10	1
55	5	146	386	10	1
65	35	656	896	10	1
65	20	716	956	10	3
45	30	0	978	10	1
35	40	60	300	10	2
41	37	65	305	10	3
64	42	132	372	10	3
40	60	187	427	10	2
31	52	0	972	10	3
35	69	599	839	10	2
53	52	24	264	10	1
65	55	0	953	10	2
63	65	630	870	10	3
2	60	41	281	10	1
20	20	0	968	10	1
5	5	234	474	10	1
60	12	33	273	10	1
40	25	279	519	10	3
42	7	334	574	10	1
24	12	25	265	10	2
23	3	543	783	10	3
11	14	167	407	10	1
6	38	29	269	10	3
2	48	452	692	10	1
8	56	48	288	10	3
13	52	0	962	10	1
6	68	401	641	10	1
47	47	0	973	10	1
23	10	0	1000	5	4
38	54	0	1000	5	4
62	3	0	1000	5	4
0	1	0	
0	0	0	
0	1	0	
0	0	0	
1	0	0	
1	0	0	
0	1	0	
0	0	0	
0	1	0	
0	1	0	
0	1	0	
0	1	0	
1	0	0	
0	0	0	
1	0	0	
1	0	0	
0	0	0	
0	1	0	
0	0	0	
0	1	0	
0	0	1	
0	0	0	
0	0	0	
0	0	0	
0	0	1	
0	0	0	
0	1	0	
0	1	0	
0	1	0	
0	1	0	
0	1	0	
0	1	0	
0	0	0	
0	1	0	
0	1	0	
0	0	0	
0	0	0	
0	0	0	
0	0	0	
1	0	0	
0	0	0	
1	0	0	
1	0	0	
0	0	0	
1	0	0	
0	0	0	
0	1	0	
0	0	0	
0	0	0	
0	0	0	
