50	3
25	1000
10
7
13
19
26
3
5
9
16
16
12
19
23
20
8
19
2
12
17
9
11
18
29
3
6
17
16
16
9
21
27
23
11
14
8
5
8
16
31
9
5
5
7
18
16
1
27
36
30
13
35	35	0	1000	0	0
41	49	0	974	10	3
35	17	0	972	10	2
55	45	0	967	10	1
55	20	620	860	10	3
15	30	0	969	10	2
25	30	0	978	10	2
20	50	0	968	10	1
10	43	323	563	10	2
55	60	329	569	10	2
30	60	0	964	10	1
20	65	146	386	10	1
50	35	0	975	10	3
30	25	639	879	10	1
15	10	0	957	10	3
30	5	118	358	10	1
10	20	0	960	10	3
5	30	0	959	10	3
20	40	0	974	10	2
15	60	0	957	10	1
45	65	0	958	10	2
45	20	0	971	10	2
45	10	0	963	10	2
55	5	146	386	10	2
65	35	0	960	10	1
65	20	716	956	10	3
45	30	0	978	10	1
35	40	0	985	10	1
41	37	0	983	10	1
64	42	0	960	10	3
40	60	0	964	10	2
31	52	0	972	10	3
35	69	0	956	10	2
53	52	0	965	10	3
65	55	0	953	10	2
63	65	0	948	10	3
2	60	0	948	10	3
20	20	0	968	10	1
5	5	234	474	10	2
60	12	0	956	10	1
40	25	0	978	10	1
42	7	0	961	10	3
24	12	0	964	10	2
23	3	0	955	10	3
11	14	167	407	10	2
6	38	0	960	10	3
2	48	0	954	10	1
8	56	0	955	10	2
13	52	0	962	10	1
6	68	0	946	10	3
47	47	0	973	10	3
64	28	0	1000	5	4
16	15	0	1000	5	4
61	6	0	1000	5	4
1	0	0	
0	1	0	
0	0	0	
1	0	0	
0	1	0	
0	1	0	
0	0	0	
0	1	0	
1	0	0	
0	0	0	
0	0	0	
1	0	0	
0	0	0	
0	1	0	
0	0	0	
0	1	0	
0	1	0	
0	1	0	
0	0	0	
1	0	0	
1	0	0	
0	0	1	
0	0	1	
0	0	0	
1	0	0	
0	0	0	
0	0	0	
0	0	0	
1	0	0	
1	0	0	
0	1	0	
1	0	0	
1	0	0	
1	0	0	
1	0	0	
0	1	0	
0	0	0	
0	1	0	
0	0	0	
0	0	0	
0	0	1	
0	1	0	
0	1	0	
0	1	0	
0	1	0	
0	0	0	
0	1	0	
0	0	0	
0	1	0	
1	0	0	
