50 3
25 200
20
30
10
40
20
20
20
10
20
30
40
20
10
10
20
20
20
20
40
10
10
40
30
10
20
30
20
10
10
10
20
10
10
30
20
40
10
30
10
30
20
10
20
10
10
10
10
10
10
30
40 50 0 240 0 0
25 85 130 190 10 1
22 75 35 95 10 1
22 85 94 154 10 3
20 80 126 186 10 1
20 85 40 100 10 3
18 75 80 140 10 3
15 75 64 124 10 3
15 80 76 136 10 3
10 35 76 136 10 1
10 40 104 164 10 3
8 40 44 104 10 1
8 45 49 109 10 1
5 35 127 187 10 3
5 45 35 95 10 2
2 40 43 103 10 2
0 40 57 117 10 3
0 45 129 189 10 1
44 5 72 132 10 3
42 10 57 117 10 2
42 15 107 167 10 1
40 5 52 112 10 1
40 15 77 137 10 2
38 5 50 110 10 1
38 15 133 193 10 1
35 5 124 184 10 3
95 30 100 160 10 2
95 35 57 117 10 2
92 30 55 115 10 1
90 35 52 112 10 2
88 30 59 119 10 2
88 35 50 110 10 2
87 30 116 176 10 3
85 25 51 111 10 2
85 35 96 156 10 2
67 85 124 184 10 3
65 85 43 103 10 2
65 82 109 169 10 2
62 80 60 120 10 2
60 80 36 96 10 1
60 85 70 130 10 3
58 75 77 137 10 1
55 80 33 93 10 2
55 85 113 173 10 3
55 82 49 109 10 2
20 82 37 97 10 3
18 80 98 158 10 2
2 45 38 98 10 2
42 5 124 184 10 3
42 12 89 149 10 2
72 35 101 161 10 2
5 32 0 240 5 4
57 74 0 240 5 4
87 66 0 240 5 4
0 0 0 
0 0 0 
0 1 0 
0 0 0 
0 1 0 
0 1 0 
0 1 0 
0 1 0 
0 0 0 
1 0 0 
0 0 0 
0 0 0 
1 0 0 
1 0 0 
1 0 0 
1 0 0 
0 0 0 
1 0 0 
1 0 0 
0 0 0 
0 0 0 
1 0 0 
0 0 0 
0 0 0 
1 0 0 
0 0 1 
0 0 1 
0 0 0 
0 0 1 
0 0 1 
0 0 1 
0 0 1 
0 0 1 
0 0 1 
0 1 0 
0 1 0 
0 1 0 
0 1 0 
0 0 0 
0 1 0 
0 0 0 
0 1 0 
0 1 0 
0 1 0 
0 1 0 
0 1 0 
1 0 0 
1 0 0 
1 0 0 
0 0 1 
