50 3
25 1000
20
30
10
40
20
20
20
10
20
30
40
20
10
10
20
20
20
20
40
10
10
40
30
10
20
30
20
10
10
10
20
10
10
30
20
40
10
30
10
30
20
10
20
10
10
10
10
10
10
30
40 50 0 960 0 0
25 85 388 911 10 1
22 75 30 546 10 3
22 85 353 708 10 1
20 80 425 913 10 1
20 85 40 630 10 3
18 75 228 667 10 1
15 75 161 558 10 2
15 80 229 624 10 3
10 35 213 648 10 2
10 40 404 753 10 3
8 40 33 511 10 3
8 45 46 519 10 2
5 35 395 911 10 3
5 45 35 697 10 3
2 40 39 528 10 2
0 40 94 535 10 2
0 45 394 909 10 3
44 5 218 571 10 2
42 10 85 542 10 1
42 15 391 802 10 3
40 5 45 517 10 1
40 15 229 640 10 2
38 5 45 523 10 2
38 15 389 914 10 2
35 5 386 904 10 1
95 30 389 788 10 3
95 35 57 600 10 3
92 30 55 575 10 2
90 35 52 536 10 2
88 30 90 521 10 3
88 35 50 534 10 2
87 30 425 898 10 2
85 25 51 602 10 2
85 35 342 751 10 3
67 85 410 905 10 3
65 85 43 617 10 2
65 82 410 823 10 3
62 80 114 561 10 3
60 80 36 658 10 3
60 85 191 586 10 2
58 75 201 670 10 2
55 80 33 568 10 1
55 85 429 838 10 2
55 82 49 504 10 2
20 82 37 597 10 3
18 80 315 782 10 1
2 45 38 606 10 2
42 5 396 904 10 3
42 12 341 658 10 3
72 35 351 782 10 3
22 82 0 960 5 4
10 84 0 960 5 4
70 18 0 960 5 4
0 0 0 
1 0 0 
0 0 0 
0 0 0 
1 0 0 
0 0 0 
1 0 0 
0 1 0 
1 0 0 
1 0 0 
0 1 0 
0 1 0 
0 1 0 
0 1 0 
0 1 0 
0 1 0 
0 1 0 
0 0 1 
0 0 0 
0 0 1 
0 0 0 
0 0 1 
0 0 1 
0 0 1 
0 0 0 
0 0 1 
0 0 1 
0 0 1 
0 0 1 
0 0 1 
0 0 1 
0 0 1 
0 0 1 
0 0 1 
1 0 0 
1 0 0 
1 0 0 
1 0 0 
1 0 0 
1 0 0 
1 0 0 
0 0 0 
1 0 0 
1 0 0 
1 0 0 
0 0 0 
0 1 0 
0 0 1 
0 0 1 
0 0 1 
