50 3
25 1000
20
30
10
40
20
20
20
10
20
30
40
20
10
10
20
20
20
20
40
10
10
40
30
10
20
30
20
10
10
10
20
10
10
30
20
40
10
30
10
30
20
10
20
10
10
10
10
10
10
30
40 50 0 960 0 0
25 85 613 853 10 1
22 75 92 332 10 3
22 85 411 651 10 2
20 80 584 824 10 2
20 85 40 280 10 3
18 75 328 568 10 1
15 75 240 480 10 3
15 80 307 547 10 1
10 35 311 551 10 3
10 40 459 699 10 1
8 40 135 375 10 3
8 45 163 403 10 3
5 35 593 833 10 3
5 45 35 275 10 3
2 40 114 354 10 1
0 40 195 435 10 3
0 45 643 883 10 2
44 5 275 515 10 1
42 10 194 434 10 2
42 15 477 717 10 2
40 5 155 395 10 2
40 15 315 555 10 3
38 5 141 381 10 2
38 15 621 861 10 3
35 5 664 904 10 3
95 30 469 709 10 1
95 35 86 326 10 1
92 30 89 329 10 3
90 35 134 374 10 1
88 30 186 426 10 3
88 35 105 345 10 2
87 30 561 801 10 1
85 25 51 291 10 2
85 35 427 667 10 2
67 85 597 837 10 3
65 85 43 283 10 3
65 82 497 737 10 2
62 80 218 458 10 2
60 80 36 276 10 1
60 85 269 509 10 1
58 75 316 556 10 2
55 80 33 273 10 3
55 85 514 754 10 3
55 82 157 397 10 3
20 82 37 277 10 1
18 80 429 669 10 2
2 45 45 285 10 3
42 5 664 904 10 1
42 12 380 620 10 1
72 35 447 687 10 3
19 70 0 960 5 4
33 78 0 960 5 4
28 61 0 960 5 4
0 0 0 
1 0 0 
0 1 0 
1 0 0 
0 1 0 
0 0 0 
1 0 0 
0 0 0 
0 0 1 
0 0 0 
0 0 1 
0 0 1 
0 0 1 
0 0 1 
0 0 0 
0 0 1 
1 0 0 
0 0 0 
0 0 1 
0 0 1 
0 0 1 
0 0 1 
0 0 1 
0 0 1 
0 0 1 
0 0 0 
0 0 0 
0 0 1 
0 0 0 
0 0 1 
0 0 1 
0 0 0 
0 0 1 
0 0 1 
0 1 0 
0 1 0 
0 1 0 
0 1 0 
0 0 0 
0 0 0 
0 1 0 
0 1 0 
0 1 0 
0 1 0 
0 0 0 
1 0 0 
1 0 0 
0 0 0 
0 0 0 
0 0 1 
