instance,avg_time,avg_cost,#_vehicles,best_cost
C101_co_25.txt,0.009200,199.800000,3,199.800000
C102_co_25.txt,0.006833,144.750000,3,143.500000
C103_co_25.txt,0.010000,203.913333,3,203.900000
C104_co_25.txt,0.015067,183.963333,3,182.100000
C105_co_25.txt,0.011233,206.900000,3,206.900000
C106_co_25.txt,0.012133,208.800000,3,208.800000
C107_co_25.txt,0.010600,206.900000,3,206.900000
C108_co_25.txt,0.007333,155.300000,3,155.300000
C109_co_25.txt,0.008600,140.533333,3,140.500000
C201_co_25.txt,0.016900,195.500000,2,195.500000
C202_co_25.txt,0.004533,119.600000,1,119.600000
C203_co_25.txt,0.007733,146.400000,1,146.400000
C204_co_25.txt,0.011700,145.900000,1,145.900000
C205_co_25.txt,0.014633,171.266667,2,168.200000
C206_co_25.txt,0.010733,171.300000,2,171.300000
C207_co_25.txt,0.010767,122.560000,1,121.300000
C208_co_25.txt,0.009200,162.200000,1,162.200000
R101_co_25.txt,0.007167,178.600000,2,178.600000
R102_co_25.txt,0.005200,187.800000,2,187.800000
R103_co_25.txt,0.005467,197.600000,2,197.600000
R104_co_25.txt,0.014033,238.900000,3,238.900000
R105_co_25.txt,0.004967,194.100000,2,194.100000
R106_co_25.txt,0.007833,180.800000,2,177.000000
R107_co_25.txt,0.012467,238.900000,3,238.900000
R108_co_25.txt,0.012067,251.863333,2,250.800000
R109_co_25.txt,0.010867,260.700000,3,260.700000
R110_co_25.txt,0.012067,239.200000,3,239.200000
R111_co_25.txt,0.008967,245.300000,2,245.300000
R112_co_25.txt,0.006367,185.600000,2,185.600000
R201_co_25.txt,0.012733,304.700000,3,304.700000
R202_co_25.txt,0.010600,257.800000,2,257.800000
R203_co_25.txt,0.015100,185.653333,2,185.600000
R204_co_25.txt,0.012500,154.200000,1,154.200000
R205_co_25.txt,0.011900,219.886667,1,219.100000
R206_co_25.txt,0.009233,195.800000,1,195.800000
R207_co_25.txt,0.008700,198.060000,1,197.900000
R208_co_25.txt,0.005300,163.800000,1,163.800000
R209_co_25.txt,0.011600,232.600000,1,232.600000
R210_co_25.txt,0.015000,279.210000,2,279.100000
R211_co_25.txt,0.008067,131.500000,1,131.500000
RC101_co_25.txt,0.008833,332.600000,3,332.600000
RC102_co_25.txt,0.008867,297.900000,3,297.900000
RC103_co_25.txt,0.005433,243.800000,3,243.800000
RC104_co_25.txt,0.011833,309.546667,3,309.400000
RC105_co_25.txt,0.006733,309.700000,3,309.700000
RC106_co_25.txt,0.007967,280.000000,3,280.000000
RC107_co_25.txt,0.010167,300.546667,3,299.900000
RC108_co_25.txt,0.009067,275.700000,3,275.700000
RC201_co_25.txt,0.017233,270.200000,2,270.200000
RC202_co_25.txt,0.015400,296.863333,3,293.900000
RC203_co_25.txt,0.009600,208.000000,1,208.000000
RC204_co_25.txt,0.006833,175.700000,1,175.700000
RC205_co_25.txt,0.012433,283.200000,3,283.200000
RC206_co_25.txt,0.013167,246.700000,2,246.700000
RC207_co_25.txt,0.014600,250.500000,2,250.500000
RC208_co_25.txt,0.008933,182.300000,1,182.300000
C101_co_50.txt,0.107667,372.426667,5,359.500000
C102_co_50.txt,0.098167,357.056667,5,351.200000
C103_co_50.txt,0.071267,310.260000,5,306.900000
C104_co_50.txt,0.095667,343.430000,5,340.700000
C105_co_50.txt,0.111933,362.243333,5,349.500000
C106_co_50.txt,0.073700,323.473333,5,321.900000
C107_co_50.txt,0.087100,330.103333,5,328.400000
C108_co_50.txt,0.082667,338.926667,5,338.500000
C109_co_50.txt,0.085600,329.676667,5,329.000000
C201_co_50.txt,0.093233,283.243333,2,282.200000
C202_co_50.txt,0.069733,228.236667,2,227.600000
C203_co_50.txt,0.064933,257.800000,2,257.800000
C204_co_50.txt,0.157267,274.656667,2,274.400000
C205_co_50.txt,0.071600,266.490000,2,266.100000
C206_co_50.txt,0.054833,236.546667,2,234.600000
C207_co_50.txt,0.119100,288.710000,2,288.700000
C208_co_50.txt,0.109433,285.300000,2,285.300000
R101_co_50.txt,0.063933,449.400000,5,449.400000
R102_co_50.txt,0.095033,422.900000,5,422.900000
R103_co_50.txt,0.059200,321.256667,4,316.600000
R104_co_50.txt,0.093467,379.533333,4,376.300000
R105_co_50.txt,0.062533,413.500000,5,413.500000
R106_co_50.txt,0.079700,448.453333,5,447.900000
R107_co_50.txt,0.113067,389.900000,4,389.000000
R108_co_50.txt,0.112700,450.420000,4,430.900000
R109_co_50.txt,0.127033,476.000000,4,475.300000
R110_co_50.txt,0.095500,396.273333,4,391.700000
R111_co_50.txt,0.064433,358.480000,4,358.100000
R112_co_50.txt,0.082600,372.213333,4,367.800000
R201_co_50.txt,0.105533,409.450000,4,409.200000
R202_co_50.txt,0.074533,320.103333,2,320.100000
R203_co_50.txt,0.085067,307.700000,3,307.700000
R204_co_50.txt,0.134167,298.470000,2,297.100000
R205_co_50.txt,0.149100,363.376667,3,361.400000
R206_co_50.txt,0.126700,384.826667,2,383.800000
R207_co_50.txt,0.156367,312.700000,2,312.700000
R208_co_50.txt,0.108633,251.200000,1,247.200000
R209_co_50.txt,0.108867,362.013333,2,358.600000
R210_co_50.txt,0.133700,321.576667,2,319.000000
R211_co_50.txt,0.159400,336.140000,2,329.400000
RC101_co_50.txt,0.070933,632.536667,6,630.800000
RC102_co_50.txt,0.077800,546.000000,5,538.300000
RC103_co_50.txt,0.047367,468.300000,5,468.300000
RC104_co_50.txt,0.078600,554.843333,5,551.400000
RC105_co_50.txt,0.067567,580.963333,6,578.300000
RC106_co_50.txt,0.064133,570.853333,5,555.600000
RC107_co_50.txt,0.097967,613.776667,5,595.300000
RC108_co_50.txt,0.070600,533.793333,5,532.800000
RC201_co_50.txt,0.125233,544.840000,4,538.500000
RC202_co_50.txt,0.076967,412.600000,3,412.600000
RC203_co_50.txt,0.116133,417.606667,3,415.000000
RC204_co_50.txt,0.094133,338.966667,1,332.300000
RC205_co_50.txt,0.126600,445.420000,4,440.800000
RC206_co_50.txt,0.135567,472.683333,3,470.200000
RC207_co_50.txt,0.067100,352.570000,1,352.500000
RC208_co_50.txt,0.058900,243.700000,1,243.700000
C101_co_100.txt,0.828800,814.496667,10,797.100000
C102_co_100.txt,1.270333,939.993333,10,919.000000
C103_co_100.txt,1.067333,841.776667,10,834.900000
C104_co_100.txt,0.946900,696.420000,10,688.800000
C105_co_100.txt,1.089500,944.183333,10,923.400000
C106_co_100.txt,1.135033,875.373333,10,864.600000
C107_co_100.txt,1.182367,973.956667,10,960.900000
C108_co_100.txt,1.016700,774.220000,10,765.900000
C109_co_100.txt,1.318300,792.576667,10,776.800000
C201_co_100.txt,1.238367,511.800000,3,511.800000
C202_co_100.txt,0.825100,479.120000,3,471.800000
C203_co_100.txt,1.188533,479.626667,3,478.400000
C204_co_100.txt,1.208733,493.490000,3,487.500000
C205_co_100.txt,0.613333,429.500000,3,429.500000
C206_co_100.txt,1.514733,581.783333,3,574.200000
C207_co_100.txt,1.023367,465.913333,3,460.700000
C208_co_100.txt,1.192900,513.350000,3,505.200000
R101_co_100.txt,1.130100,756.693333,10,753.500000
R102_co_100.txt,0.990833,693.070000,8,683.600000
R103_co_100.txt,1.439100,735.170000,9,723.600000
R104_co_100.txt,1.254167,660.460000,8,650.700000
R105_co_100.txt,1.091633,708.660000,8,702.400000
R106_co_100.txt,0.956600,644.473333,8,630.900000
R107_co_100.txt,0.942533,693.500000,8,672.300000
R108_co_100.txt,0.738333,530.510000,8,527.800000
R109_co_100.txt,1.077167,657.776667,8,649.300000
R110_co_100.txt,1.125100,646.440000,8,642.900000
R111_co_100.txt,1.148300,709.773333,8,705.800000
R112_co_100.txt,1.343700,688.543333,8,674.700000
R201_co_100.txt,1.576167,681.193333,5,678.100000
R202_co_100.txt,1.412600,605.383333,4,588.100000
R203_co_100.txt,1.914600,552.793333,4,549.000000
R204_co_100.txt,1.463533,384.526667,2,383.300000
R205_co_100.txt,1.308600,486.593333,3,478.500000
R206_co_100.txt,1.528867,523.260000,3,516.800000
R207_co_100.txt,1.740300,475.350000,2,473.700000
R208_co_100.txt,1.150733,355.353333,2,354.500000
R209_co_100.txt,1.346200,441.350000,3,432.300000
R210_co_100.txt,1.490800,550.326667,4,546.100000
R211_co_100.txt,1.384533,440.263333,3,426.000000
RC101_co_100.txt,1.001633,984.653333,10,972.200000
RC102_co_100.txt,1.181900,929.933333,9,919.100000
RC103_co_100.txt,1.373233,1001.443333,9,976.000000
RC104_co_100.txt,1.099900,852.680000,9,826.800000
RC105_co_100.txt,1.250267,1038.010000,10,1022.200000
RC106_co_100.txt,0.728333,816.940000,9,807.300000
RC107_co_100.txt,0.862833,809.246667,9,802.800000
RC108_co_100.txt,1.308867,951.260000,9,938.300000
RC201_co_100.txt,1.093667,700.390000,5,697.600000
RC202_co_100.txt,1.334600,596.556667,5,585.100000
RC203_co_100.txt,1.414833,644.520000,3,635.700000
RC204_co_100.txt,0.968167,485.196667,2,481.800000
RC205_co_100.txt,1.614000,748.733333,5,743.700000
RC206_co_100.txt,1.353833,562.666667,4,553.600000
RC207_co_100.txt,1.952933,598.086667,4,593.800000
RC208_co_100.txt,1.361767,509.570000,2,496.200000
