instance,avg_time,avg_cost,best_cost
C101_co_25.txt,0.006667,201.339483,200.205499
C102_co_25.txt,0.007733,157.771271,143.953098
C103_co_25.txt,0.007233,204.507205,204.405800
C104_co_25.txt,0.010167,207.282678,187.308535
C105_co_25.txt,0.007200,217.044771,210.450181
C106_co_25.txt,0.007200,217.590170,211.040740
C107_co_25.txt,0.008433,216.946293,210.232405
C108_co_25.txt,0.005400,159.620673,155.930633
C109_co_25.txt,0.006700,150.541338,141.943158
C201_co_25.txt,0.006700,218.962934,202.084744
C202_co_25.txt,0.005667,136.146965,129.635963
C203_co_25.txt,0.007500,160.434175,146.856490
C204_co_25.txt,0.006400,171.424540,146.322141
C205_co_25.txt,0.007167,200.881396,168.813208
C206_co_25.txt,0.007200,185.340227,171.729565
C207_co_25.txt,0.005933,133.653463,121.730993
C208_co_25.txt,0.005100,175.151662,163.466909
R101_co_25.txt,0.007400,232.720491,210.444781
R102_co_25.txt,0.005933,207.353469,202.361142
R103_co_25.txt,0.007800,214.926579,197.985582
R104_co_25.txt,0.006900,257.072765,239.514894
R105_co_25.txt,0.006433,209.413380,204.415521
R106_co_25.txt,0.007967,196.172683,186.738476
R107_co_25.txt,0.007300,267.171773,239.514894
R108_co_25.txt,0.006000,255.605679,253.719090
R109_co_25.txt,0.007167,281.734387,265.174323
R110_co_25.txt,0.006200,258.005747,241.446338
R111_co_25.txt,0.005867,259.216932,247.936466
R112_co_25.txt,0.006100,207.105137,186.085843
R201_co_25.txt,0.008133,335.144176,319.094749
R202_co_25.txt,0.006667,276.255330,262.269612
R203_co_25.txt,0.007000,204.984100,186.010007
R204_co_25.txt,0.008733,167.446507,154.567745
R205_co_25.txt,0.008800,247.734848,232.942255
R206_co_25.txt,0.007733,208.645214,196.136858
R207_co_25.txt,0.007900,219.025131,198.279198
R208_co_25.txt,0.007700,176.606542,164.016332
R209_co_25.txt,0.007400,252.044659,238.589846
R210_co_25.txt,0.008967,300.670139,279.626884
R211_co_25.txt,0.007700,147.796206,131.778098
RC101_co_25.txt,0.007233,374.171529,337.322273
RC102_co_25.txt,0.007900,322.123139,305.711942
RC103_co_25.txt,0.005667,251.781629,244.199598
RC104_co_25.txt,0.007200,323.154698,309.932164
RC105_co_25.txt,0.007667,311.086190,310.293151
RC106_co_25.txt,0.008400,286.638378,279.540470
RC107_co_25.txt,0.006600,335.124761,301.788402
RC108_co_25.txt,0.007300,293.459899,276.239334
RC201_co_25.txt,0.007200,296.093461,270.766864
RC202_co_25.txt,0.006900,323.573888,294.639160
RC203_co_25.txt,0.008467,241.492377,208.391726
RC204_co_25.txt,0.008467,179.160364,175.927135
RC205_co_25.txt,0.006667,302.374041,284.071523
RC206_co_25.txt,0.007733,259.112659,250.647893
RC207_co_25.txt,0.006667,296.813065,252.602779
RC208_co_25.txt,0.007967,211.992518,182.772697
C101_co_50.txt,0.046267,402.903944,390.023584
C102_co_50.txt,0.048000,378.659936,362.363288
C103_co_50.txt,0.053900,331.681594,315.566570
C104_co_50.txt,0.054833,347.294063,343.564063
C105_co_50.txt,0.054900,399.577735,357.977777
C106_co_50.txt,0.044767,344.136616,322.960146
C107_co_50.txt,0.044433,340.736115,329.229029
C108_co_50.txt,0.050133,341.119933,339.692171
C109_co_50.txt,0.061333,333.719335,329.804376
C201_co_50.txt,0.051067,300.981137,285.545075
C202_co_50.txt,0.052900,261.368802,232.701873
C203_co_50.txt,0.051367,284.892634,258.783060
C204_co_50.txt,0.069600,308.564326,276.002631
C205_co_50.txt,0.047467,287.421731,269.976665
C206_co_50.txt,0.046200,253.969842,235.201796
C207_co_50.txt,0.043400,308.529188,289.974515
C208_co_50.txt,0.049067,324.690271,294.386711
R101_co_50.txt,0.044133,482.037465,456.062346
R102_co_50.txt,0.050100,464.561053,431.831418
R103_co_50.txt,0.041700,368.808211,346.498134
R104_co_50.txt,0.053733,394.342285,381.246700
R105_co_50.txt,0.043933,454.592113,436.707695
R106_co_50.txt,0.053467,466.272189,452.714844
R107_co_50.txt,0.045200,413.679337,394.083029
R108_co_50.txt,0.051867,475.054642,463.780117
R109_co_50.txt,0.050033,517.164239,503.763031
R110_co_50.txt,0.046333,424.578509,403.049219
R111_co_50.txt,0.054833,379.708391,365.101400
R112_co_50.txt,0.046033,395.696991,386.082647
R201_co_50.txt,0.058000,430.164242,410.128000
R202_co_50.txt,0.052233,361.711921,322.778036
R203_co_50.txt,0.052400,338.041081,308.572502
R204_co_50.txt,0.057533,314.276748,297.787142
R205_co_50.txt,0.056667,375.493684,353.845601
R206_co_50.txt,0.061167,430.741003,394.323562
R207_co_50.txt,0.065133,355.092244,332.170009
R208_co_50.txt,0.062933,283.866001,273.639625
R209_co_50.txt,0.055000,398.994541,364.842365
R210_co_50.txt,0.059600,356.973359,322.208740
R211_co_50.txt,0.059633,363.870033,338.649436
RC101_co_50.txt,0.060767,708.299869,681.857422
RC102_co_50.txt,0.062233,628.858042,566.410752
RC103_co_50.txt,0.055733,506.124844,469.153076
RC104_co_50.txt,0.056233,611.367806,563.606547
RC105_co_50.txt,0.041767,618.213917,586.762305
RC106_co_50.txt,0.036700,632.279871,591.657640
RC107_co_50.txt,0.042900,656.607222,624.009734
RC108_co_50.txt,0.057333,549.657588,533.570233
RC201_co_50.txt,0.049033,638.679811,560.095994
RC202_co_50.txt,0.045700,492.892830,413.394409
RC203_co_50.txt,0.052933,485.109698,424.073378
RC204_co_50.txt,0.047233,397.860679,357.916792
RC205_co_50.txt,0.045733,525.224801,477.901271
RC206_co_50.txt,0.041000,517.235641,479.225388
RC207_co_50.txt,0.056300,405.853183,359.665416
RC208_co_50.txt,0.055667,269.836641,257.716732
C101_co_100.txt,0.473067,857.079230,822.393330
C102_co_100.txt,0.471133,1016.368973,972.842982
C103_co_100.txt,0.526000,889.652337,845.601780
C104_co_100.txt,0.562500,715.245923,696.854261
C105_co_100.txt,0.510400,1012.473130,961.421118
C106_co_100.txt,0.456267,914.021164,874.926895
C107_co_100.txt,0.498933,1026.922048,993.854163
C108_co_100.txt,0.509767,795.942378,772.151577
C109_co_100.txt,0.567700,820.317041,797.053669
C201_co_100.txt,0.481133,649.492995,593.554539
C202_co_100.txt,0.604767,549.211346,500.233847
C203_co_100.txt,0.634067,553.869022,509.778499
C204_co_100.txt,0.634000,558.648495,507.098580
C205_co_100.txt,0.496033,500.146411,470.009314
C206_co_100.txt,0.507733,662.460968,617.421540
C207_co_100.txt,0.556100,536.836559,464.739340
C208_co_100.txt,0.615500,586.551878,533.987747
R101_co_100.txt,0.473633,807.911498,776.618866
R102_co_100.txt,0.472967,751.484735,734.859212
R103_co_100.txt,0.474400,803.995644,762.217984
R104_co_100.txt,0.518933,704.405812,681.827673
R105_co_100.txt,0.430433,769.699623,738.518647
R106_co_100.txt,0.411767,723.268866,702.685966
R107_co_100.txt,0.564400,733.415636,704.565182
R108_co_100.txt,0.522167,564.829303,531.486545
R109_co_100.txt,0.478700,715.093883,684.902097
R110_co_100.txt,0.474867,706.336830,674.065423
R111_co_100.txt,0.464867,736.500368,711.334931
R112_co_100.txt,0.495067,724.217485,693.640606
R201_co_100.txt,0.578967,733.530744,697.229920
R202_co_100.txt,0.494633,656.297689,605.962027
R203_co_100.txt,0.667233,600.182974,563.213586
R204_co_100.txt,0.732567,423.078116,384.937879
R205_co_100.txt,0.608800,538.188600,497.032515
R206_co_100.txt,0.659467,574.072841,529.667017
R207_co_100.txt,0.671233,528.178625,500.957817
R208_co_100.txt,0.754333,394.185586,362.245184
R209_co_100.txt,0.727967,468.579185,440.058624
R210_co_100.txt,0.633233,602.926840,564.262227
R211_co_100.txt,0.557600,481.344594,452.923427
RC101_co_100.txt,0.447700,1041.278301,1002.076977
RC102_co_100.txt,0.473200,994.021577,962.937149
RC103_co_100.txt,0.503033,1063.963168,1025.602098
RC104_co_100.txt,0.456267,896.859789,870.255798
RC105_co_100.txt,0.429067,1104.766467,1067.346579
RC106_co_100.txt,0.497833,852.966899,820.233695
RC107_co_100.txt,0.499033,839.131009,816.997894
RC108_co_100.txt,0.514533,982.044444,957.842083
RC201_co_100.txt,0.546500,759.790710,725.811233
RC202_co_100.txt,0.577433,661.043810,618.647557
RC203_co_100.txt,0.578800,760.196988,683.991546
RC204_co_100.txt,0.733733,528.454632,486.297386
RC205_co_100.txt,0.473000,803.537330,761.177164
RC206_co_100.txt,0.565433,626.583252,568.534748
RC207_co_100.txt,0.517967,661.067543,597.749406
RC208_co_100.txt,0.623767,555.680296,523.466051
