50	3
25	200
10
30
10
10
10
20
20
20
10
10
10
20
30
10
40
40
20
20
10
10
20
20
10
10
40
10
10
20
10
10
20
30
40
20
10
10
20
30
20
10
10
20
10
10
10
30
10
10
10
10
40	50	0	1236	0	0
45	68	830	1049	90	1
45	70	756	939	90	1
42	66	16	336	90	2
42	68	643	866	90	3
42	65	15	226	90	1
40	69	499	824	90	1
40	66	87	308	90	2
38	68	150	429	90	2
38	70	429	710	90	1
35	66	279	488	90	1
35	69	363	590	90	3
25	85	547	826	90	1
22	75	30	280	90	1
22	85	489	698	90	1
20	80	318	495	90	3
20	85	394	609	90	1
18	75	33	226	90	1
15	75	68	365	90	1
15	80	176	447	90	2
30	50	10	265	90	3
30	52	836	1043	90	2
28	52	704	991	90	2
28	55	664	845	90	3
25	50	15	333	90	3
25	52	88	305	90	2
25	55	502	821	90	3
23	52	179	398	90	3
23	55	476	663	90	2
20	50	288	475	90	1
20	55	368	585	90	1
10	35	144	293	90	2
10	40	31	309	90	3
8	40	33	313	90	2
8	45	655	912	90	1
5	35	191	436	90	2
5	45	588	793	90	1
2	40	305	512	90	3
0	40	414	587	90	3
0	45	481	710	90	2
35	30	180	405	90	3
35	32	63	338	90	1
33	32	19	345	90	3
33	35	16	273	90	2
32	30	278	493	90	3
30	30	453	688	90	2
30	32	355	602	90	1
30	35	837	1127	90	1
28	30	539	786	90	2
28	35	867	1126	90	1
26	32	719	976	90	2
38	85	0	1236	5	4
11	44	0	1236	5	4
35	47	0	1236	5	4
0	0	0	
0	0	0	
1	0	0	
1	0	0	
0	0	0	
0	0	0	
1	0	0	
1	0	0	
0	0	0	
0	0	0	
1	0	0	
0	0	0	
0	0	0	
0	0	0	
1	0	0	
0	0	0	
0	0	0	
0	0	0	
1	0	0	
0	0	1	
0	0	1	
0	0	1	
0	0	1	
0	0	1	
0	0	1	
0	0	1	
0	0	1	
0	0	1	
0	0	0	
0	0	0	
0	1	0	
0	1	0	
0	1	0	
0	0	0	
0	1	0	
0	0	0	
0	1	0	
0	1	0	
0	1	0	
0	0	1	
0	0	0	
0	0	1	
0	0	1	
0	0	1	
0	0	1	
0	0	0	
0	0	0	
0	0	1	
0	0	0	
0	0	1	
