50 3
25 700
10
30
10
10
10
20
20
20
10
10
10
20
30
10
40
40
20
20
10
10
20
20
10
10
40
10
10
20
10
10
20
30
40
20
10
10
20
30
20
10
10
20
10
10
10
30
10
10
10
10
40 50 0 3390 0 0
52 75 0 3272 90 3
45 70 0 3279 90 1
62 69 0 3270 90 2
60 66 1261 1421 90 2
42 65 0 3284 90 2
16 42 497 657 90 3
58 70 0 3273 90 3
34 60 2887 3047 90 3
28 70 2601 2761 90 3
35 66 2791 2951 90 1
35 69 2698 2858 90 1
25 85 0 3261 90 1
22 75 2405 2565 90 3
22 85 2026 2186 90 3
20 80 2216 2376 90 2
20 85 1934 2094 90 2
18 75 2311 2471 90 1
15 75 1742 1902 90 3
15 80 1837 1997 90 1
30 50 10 170 90 2
30 56 0 3288 90 2
28 52 22 182 90 2
14 66 1643 1803 90 3
25 50 116 276 90 1
22 66 2504 2664 90 1
8 62 0 3265 90 1
23 52 209 369 90 1
4 55 1447 1607 90 2
20 50 398 558 90 1
20 55 303 463 90 3
10 35 0 3266 90 1
10 40 593 753 90 2
8 40 685 845 90 1
8 45 0 3267 90 3
5 35 876 1036 90 3
5 45 1253 1413 90 1
2 40 0 3260 90 3
0 40 1063 1223 90 2
0 45 1158 1318 90 2
36 18 1819 1979 90 2
35 32 2758 2918 90 1
33 32 2666 2826 90 2
33 35 2573 2733 90 1
32 20 1913 2073 90 3
30 30 2105 2265 90 2
34 25 2009 2169 90 3
30 35 2480 2640 90 3
36 40 0 3289 90 2
48 20 967 1127 90 3
26 32 0 3277 90 3
42 33 0 3390 5 4
55 71 0 3390 5 4
44 52 0 3390 5 4
0 1 0 
0 0 0 
0 1 0 
0 1 0 
0 0 1 
1 0 0 
0 1 0 
0 0 1 
0 0 1 
0 0 0 
0 0 0 
0 0 0 
0 0 1 
0 1 0 
0 1 0 
0 1 0 
0 0 0 
0 0 1 
0 0 0 
0 0 1 
0 0 1 
0 0 1 
0 0 1 
0 0 0 
0 0 0 
0 0 0 
0 0 0 
0 0 1 
0 0 0 
0 0 1 
0 0 0 
1 0 0 
0 0 0 
1 0 0 
1 0 0 
0 0 0 
1 0 0 
1 0 0 
1 0 0 
1 0 0 
0 0 0 
1 0 0 
0 0 0 
1 0 0 
1 0 0 
1 0 0 
1 0 0 
1 0 0 
1 0 0 
1 0 0 
