50 3
25 700
10
30
10
10
10
20
20
20
10
10
10
20
30
10
40
40
20
20
10
10
20
20
10
10
40
10
10
20
10
10
20
30
40
20
10
10
20
30
20
10
10
20
10
10
10
30
10
10
10
10
40 50 0 3390 0 0
52 75 231 551 90 2
45 70 133 453 90 2
62 69 1087 1407 90 2
60 66 1181 1501 90 1
42 65 15 335 90 2
16 42 417 737 90 3
58 70 993 1313 90 2
34 60 2807 3127 90 3
28 70 2521 2841 90 2
35 66 2711 3031 90 1
35 69 2618 2938 90 2
25 85 2039 2359 90 1
22 75 2325 2645 90 3
22 85 1946 2266 90 3
20 80 2136 2456 90 2
20 85 1854 2174 90 3
18 75 2231 2551 90 3
15 75 1662 1982 90 2
15 80 1757 2077 90 3
30 50 10 330 90 2
30 56 2903 3223 90 2
28 52 12 332 90 3
14 66 1563 1883 90 2
25 50 36 356 90 2
22 66 2424 2744 90 3
8 62 1465 1785 90 1
23 52 129 449 90 3
4 55 1367 1687 90 3
20 50 318 638 90 3
20 55 223 543 90 2
10 35 701 1021 90 1
10 40 513 833 90 3
8 40 605 925 90 3
8 45 1266 1586 90 3
5 35 796 1116 90 1
5 45 1173 1493 90 3
2 40 891 1211 90 1
0 40 983 1303 90 3
0 45 1078 1398 90 2
36 18 1739 2059 90 1
35 32 2678 2998 90 3
33 32 2586 2906 90 1
33 35 2493 2813 90 1
32 20 1833 2153 90 2
30 30 2025 2345 90 1
34 25 1929 2249 90 1
30 35 2400 2720 90 2
36 40 2776 3096 90 2
48 20 887 1207 90 2
26 32 2212 2532 90 3
27 80 0 3390 45 4
20 23 0 3390 45 4
36 53 0 3390 45 4
1 0 0 
0 0 1 
0 0 1 
0 0 0 
0 0 1 
0 1 0 
0 0 1 
0 0 1 
1 0 0 
0 0 0 
1 0 0 
0 0 0 
1 0 0 
1 0 0 
1 0 0 
1 0 0 
1 0 0 
1 0 0 
1 0 0 
0 0 1 
0 0 1 
0 0 1 
1 0 0 
0 0 1 
1 0 0 
0 0 0 
0 0 1 
0 0 1 
0 0 1 
0 0 1 
0 0 0 
0 1 0 
0 1 0 
0 1 0 
0 0 0 
0 1 0 
0 0 0 
0 1 0 
0 1 0 
0 0 0 
0 1 0 
0 0 0 
0 0 0 
0 1 0 
0 0 0 
0 0 0 
0 1 0 
0 0 1 
0 1 0 
0 1 0 
