50 3
25 700
10
30
10
10
10
20
20
20
10
10
10
20
30
10
40
40
20
20
10
10
20
20
10
10
40
10
10
20
10
10
20
30
40
20
10
10
20
30
20
10
10
20
10
10
10
30
10
10
10
10
40 50 0 3390 0 0
52 75 302 479 90 2
45 70 157 428 90 1
62 69 1138 1355 90 3
60 66 1247 1434 90 1
42 65 15 208 90 2
16 42 209 944 90 3
58 70 1059 1246 90 2
34 60 2035 3288 90 1
28 70 2090 3271 90 1
35 66 2311 3283 90 1
35 69 2428 3127 90 1
25 85 1772 2625 90 3
22 75 2135 2834 90 2
22 85 1586 2625 90 1
20 80 1858 2733 90 2
20 85 1512 2515 90 2
18 75 1895 2886 90 1
15 75 1299 2344 90 1
15 80 1461 2372 90 3
30 50 10 963 90 3
30 56 2062 3288 90 2
28 52 12 752 90 1
14 66 1316 2129 90 2
25 50 15 532 90 2
22 66 2177 2990 90 1
8 62 1036 2213 90 2
23 52 17 602 90 3
4 55 1010 2043 90 1
20 50 20 948 90 2
20 55 63 702 90 1
10 35 309 1412 90 2
10 40 336 1009 90 1
8 40 234 1295 90 2
8 45 954 1897 90 3
5 35 377 1534 90 1
5 45 819 1846 90 2
2 40 494 1607 90 1
0 40 637 1648 90 2
0 45 834 1641 90 3
36 18 1468 2329 90 1
35 32 2480 3195 90 1
33 32 2421 3070 90 3
33 35 2368 2937 90 3
32 20 1621 2364 90 3
30 30 1805 2564 90 2
34 25 1782 2395 90 2
30 35 2242 2877 90 3
36 40 2605 3266 90 1
48 20 812 1281 90 2
26 32 1842 2901 90 1
12 51 0 3390 45 4
14 72 0 3390 45 4
15 75 0 3390 45 4
0 0 1 
0 0 0 
0 0 1 
0 0 0 
0 0 1 
1 0 0 
0 0 1 
0 0 0 
0 0 0 
0 0 0 
0 0 0 
0 0 1 
0 0 1 
0 0 0 
0 0 1 
0 0 1 
0 0 0 
0 0 0 
0 0 1 
1 0 0 
1 0 0 
0 0 0 
0 1 0 
1 0 0 
0 0 0 
0 1 0 
1 0 0 
0 0 0 
1 0 0 
0 0 0 
1 0 0 
0 0 0 
1 0 0 
1 0 0 
0 0 0 
1 0 0 
0 0 0 
1 0 0 
1 0 0 
0 0 0 
0 0 0 
1 0 0 
1 0 0 
1 0 0 
1 0 0 
1 0 0 
1 0 0 
0 0 0 
1 0 0 
0 0 0 
