50 3
25 200
10
7
13
19
26
3
5
9
16
16
12
19
23
20
8
19
2
12
17
9
11
18
29
3
6
17
16
16
9
21
27
23
11
14
8
5
8
16
31
9
5
5
7
18
16
1
27
36
30
13
35 35 0 230 0 0
41 49 161 171 10 2
35 17 50 60 10 3
55 45 116 126 10 3
55 20 149 159 10 3
15 30 34 44 10 1
25 30 99 109 10 3
20 50 81 91 10 3
10 43 95 105 10 2
55 60 97 107 10 1
30 60 124 134 10 1
20 65 67 77 10 1
50 35 63 73 10 2
30 25 159 169 10 1
15 10 32 42 10 1
30 5 61 71 10 3
10 20 75 85 10 2
5 30 157 167 10 1
20 40 87 97 10 1
15 60 76 86 10 1
45 65 126 136 10 2
45 20 62 72 10 2
45 10 97 107 10 2
55 5 68 78 10 2
65 35 153 163 10 2
65 20 172 182 10 1
45 30 132 142 10 2
35 40 37 47 10 2
41 37 39 49 10 2
64 42 63 73 10 1
40 60 71 81 10 2
31 52 50 60 10 3
35 69 141 151 10 3
53 52 37 47 10 2
65 55 117 127 10 1
63 65 143 153 10 3
2 60 41 51 10 3
20 20 134 144 10 3
5 5 83 93 10 3
60 12 44 54 10 2
40 25 85 95 10 1
42 7 97 107 10 2
24 12 31 41 10 1
23 3 132 142 10 3
11 14 69 79 10 1
6 38 32 42 10 3
2 48 117 127 10 3
8 56 51 61 10 3
13 52 165 175 10 3
6 68 108 118 10 2
47 47 124 134 10 2
43 45 0 230 5 4
64 38 0 230 5 4
35 49 0 230 5 4
1 0 0 
1 0 0 
0 1 0 
0 1 0 
0 0 0 
0 0 1 
0 0 1 
0 0 1 
0 0 0 
0 0 0 
0 0 0 
1 0 0 
0 0 0 
0 0 0 
1 0 0 
0 0 1 
0 0 0 
0 0 0 
0 0 0 
0 0 1 
1 0 0 
0 1 0 
0 1 0 
0 1 0 
0 0 0 
1 0 0 
0 0 1 
1 0 0 
0 0 0 
0 0 1 
0 0 1 
0 0 1 
1 0 0 
0 0 0 
0 1 0 
0 0 1 
0 0 1 
0 0 1 
0 1 0 
0 0 0 
1 0 0 
0 0 0 
1 0 0 
0 0 0 
0 0 1 
0 0 1 
0 0 1 
0 0 1 
0 0 1 
1 0 0 
