50	3
25	200
10
7
13
19
26
3
5
9
16
16
12
19
23
20
8
19
2
12
17
9
11
18
29
3
6
17
16
16
9
21
27
23
11
14
8
5
8
16
31
9
5
5
7
18
16
1
27
36
30
13
35	35	0	230	0	0
41	49	0	204	10	3
35	17	0	202	10	1
55	45	0	197	10	1
55	20	149	159	10	3
15	30	0	199	10	1
25	30	99	109	10	1
20	50	0	198	10	2
10	43	95	105	10	3
55	60	97	107	10	3
30	60	124	134	10	3
20	65	67	77	10	2
50	35	0	205	10	1
30	25	159	169	10	3
15	10	32	42	10	2
30	5	61	71	10	2
10	20	75	85	10	3
5	30	157	167	10	3
20	40	87	97	10	1
15	60	76	86	10	2
45	65	126	136	10	2
45	20	0	201	10	3
45	10	97	107	10	2
55	5	68	78	10	2
65	35	153	163	10	2
65	20	172	182	10	1
45	30	0	208	10	1
35	40	37	47	10	2
41	37	39	49	10	3
64	42	63	73	10	2
40	60	71	81	10	3
31	52	0	202	10	3
35	69	141	151	10	2
53	52	37	47	10	1
65	55	0	183	10	2
63	65	143	153	10	2
2	60	41	51	10	1
20	20	0	198	10	3
5	5	83	93	10	2
60	12	44	54	10	1
40	25	85	95	10	3
42	7	97	107	10	1
24	12	31	41	10	3
23	3	132	142	10	3
11	14	69	79	10	1
6	38	32	42	10	2
2	48	117	127	10	1
8	56	51	61	10	3
13	52	0	192	10	3
6	68	108	118	10	1
47	47	0	203	10	3
21	29	0	230	5	4
11	44	0	230	5	4
30	23	0	230	5	4
1	0	0	
0	0	0	
0	0	0	
0	0	1	
0	0	0	
0	0	0	
0	1	0	
0	1	0	
0	0	1	
0	1	0	
0	1	0	
0	0	0	
0	0	1	
0	0	1	
0	0	1	
1	0	0	
0	1	0	
0	0	0	
0	1	0	
0	1	0	
0	0	1	
0	0	1	
0	0	1	
0	0	1	
0	0	0	
0	0	0	
0	0	1	
0	0	1	
0	0	1	
0	1	0	
0	1	0	
0	1	0	
0	0	0	
0	0	1	
0	0	1	
0	0	0	
1	0	0	
1	0	0	
0	0	0	
0	0	1	
0	0	0	
0	0	1	
0	0	1	
0	0	0	
0	1	0	
0	0	0	
0	1	0	
0	1	0	
0	0	0	
0	0	1	
