50 3
25 200
10
7
13
19
26
3
5
9
16
16
12
19
23
20
8
19
2
12
17
9
11
18
29
3
6
17
16
16
9
21
27
23
11
14
8
5
8
16
31
9
5
5
7
18
16
1
27
36
30
13
35 35 0 230 0 0
41 49 0 204 10 1
35 17 0 202 10 2
55 45 0 197 10 3
55 20 149 159 10 2
15 30 0 199 10 1
25 30 99 109 10 2
20 50 0 198 10 3
10 43 95 105 10 3
55 60 97 107 10 3
30 60 124 134 10 2
20 65 67 77 10 1
50 35 0 205 10 2
30 25 159 169 10 3
15 10 0 187 10 1
30 5 61 71 10 2
10 20 0 190 10 2
5 30 157 167 10 2
20 40 0 204 10 1
15 60 0 187 10 3
45 65 0 188 10 3
45 20 0 201 10 2
45 10 97 107 10 2
55 5 68 78 10 2
65 35 0 190 10 2
65 20 172 182 10 3
45 30 0 208 10 1
35 40 37 47 10 2
41 37 0 213 10 1
64 42 0 190 10 3
40 60 71 81 10 1
31 52 0 202 10 3
35 69 0 186 10 2
53 52 37 47 10 1
65 55 0 183 10 3
63 65 143 153 10 3
2 60 41 51 10 2
20 20 0 198 10 2
5 5 83 93 10 3
60 12 44 54 10 1
40 25 85 95 10 3
42 7 97 107 10 2
24 12 31 41 10 1
23 3 0 185 10 2
11 14 69 79 10 1
6 38 32 42 10 3
2 48 0 184 10 2
8 56 0 185 10 2
13 52 0 192 10 1
6 68 108 118 10 3
47 47 0 203 10 1
46 47 0 230 5 4
64 3 0 230 5 4
27 32 0 230 5 4
0 0 0 
0 0 1 
1 0 0 
0 1 0 
0 0 0 
0 0 1 
0 0 1 
0 0 1 
1 0 0 
1 0 0 
0 0 0 
1 0 0 
0 0 1 
0 0 0 
0 0 1 
0 0 1 
0 0 1 
0 0 0 
0 0 1 
1 0 0 
0 0 1 
0 1 0 
0 1 0 
1 0 0 
0 1 0 
0 0 0 
0 0 1 
0 0 0 
1 0 0 
0 0 0 
1 0 0 
1 0 0 
0 0 0 
1 0 0 
1 0 0 
0 0 1 
0 0 1 
0 0 1 
0 0 0 
0 0 1 
0 1 0 
0 0 0 
0 0 1 
0 0 0 
0 0 1 
0 0 1 
0 0 1 
0 0 0 
0 0 1 
0 0 0 
