50	3
25	200
10
7
13
19
26
3
5
9
16
16
12
19
23
20
8
19
2
12
17
9
11
18
29
3
6
17
16
16
9
21
27
23
11
14
8
5
8
16
31
9
5
5
7
18
16
1
27
36
30
13
35	35	0	230	0	0
41	49	151	181	10	2
35	17	40	70	10	2
55	45	106	136	10	2
55	20	139	169	10	2
15	30	24	54	10	3
25	30	89	119	10	3
20	50	71	101	10	2
10	43	85	115	10	3
55	60	87	117	10	2
30	60	114	144	10	2
20	65	57	87	10	1
50	35	53	83	10	3
30	25	149	179	10	2
15	10	32	62	10	3
30	5	51	81	10	1
10	20	65	95	10	1
5	30	147	177	10	2
20	40	77	107	10	3
15	60	66	96	10	2
45	65	116	146	10	2
45	20	52	82	10	2
45	10	87	117	10	1
55	5	58	88	10	3
65	35	143	173	10	2
65	20	156	186	10	2
45	30	122	152	10	3
35	40	27	57	10	3
41	37	29	59	10	1
64	42	53	83	10	2
40	60	61	91	10	3
31	52	40	70	10	3
35	69	131	161	10	2
53	52	27	57	10	3
65	55	107	137	10	1
63	65	133	163	10	3
2	60	41	71	10	3
20	20	124	154	10	1
5	5	73	103	10	2
60	12	34	64	10	1
40	25	75	105	10	1
42	7	87	117	10	1
24	12	25	55	10	3
23	3	122	152	10	3
11	14	59	89	10	3
6	38	29	59	10	1
2	48	107	137	10	1
8	56	41	71	10	1
13	52	155	185	10	1
6	68	98	128	10	2
47	47	114	144	10	3
26	11	0	230	5	4
20	55	0	230	5	4
38	34	0	230	5	4
0	0	1	
1	0	0	
0	0	1	
0	0	1	
1	0	0	
0	0	1	
0	1	0	
0	1	0	
0	0	1	
0	1	0	
0	0	0	
0	0	1	
0	0	1	
1	0	0	
0	0	0	
0	0	0	
1	0	0	
0	1	0	
0	1	0	
0	1	0	
0	0	1	
0	0	0	
1	0	0	
0	0	1	
0	0	1	
0	0	1	
0	0	1	
0	0	0	
0	0	1	
0	1	0	
0	1	0	
0	1	0	
0	0	1	
0	0	0	
0	0	1	
0	1	0	
0	0	0	
1	0	0	
0	0	0	
0	0	0	
0	0	0	
1	0	0	
1	0	0	
1	0	0	
0	0	0	
0	0	0	
0	0	0	
0	0	0	
0	1	0	
0	0	1	
