50 3
25 200
10
7
13
19
26
3
5
9
16
16
12
19
23
20
8
19
2
12
17
9
11
18
29
3
6
17
16
16
9
21
27
23
11
14
8
5
8
16
31
9
5
5
7
18
16
1
27
36
30
13
35 35 0 230 0 0
41 49 133 198 10 3
35 17 22 87 10 3
55 45 98 143 10 2
55 20 123 184 10 3
15 30 20 93 10 1
25 30 76 131 10 3
20 50 61 110 10 3
10 43 75 124 10 3
55 60 74 129 10 1
30 60 107 150 10 3
20 65 42 101 10 2
50 35 38 97 10 3
30 25 131 196 10 1
15 10 32 114 10 2
30 5 35 96 10 3
10 20 52 107 10 1
5 30 124 189 10 1
20 40 69 114 10 1
15 60 52 109 10 3
45 65 105 156 10 2
45 20 37 96 10 1
45 10 76 127 10 3
55 5 43 102 10 2
65 35 124 190 10 3
65 20 121 186 10 1
45 30 112 161 10 1
35 40 8 75 10 1
41 37 11 76 10 2
64 42 37 98 10 3
40 60 49 102 10 1
31 52 24 85 10 3
35 69 116 175 10 2
53 52 24 92 10 1
65 55 96 147 10 3
63 65 116 178 10 1
2 60 41 112 10 3
20 20 113 164 10 3
5 5 60 115 10 3
60 12 33 110 10 1
40 25 65 114 10 2
42 7 72 131 10 1
24 12 25 91 10 3
23 3 111 162 10 1
11 14 45 102 10 2
6 38 29 99 10 1
2 48 92 151 10 3
8 56 34 105 10 1
13 52 128 192 10 1
6 68 93 132 10 1
47 47 102 155 10 1
9 53 0 230 5 4
53 51 0 230 5 4
18 56 0 230 5 4
0 1 0
0 1 0
0 1 0
0 1 0
0 0 0
0 0 1
0 0 1
1 0 0
0 0 0
0 0 1
0 0 1
0 1 0
0 0 0
1 0 0
0 1 0
0 0 0
0 0 0
0 0 0
0 0 1
0 1 0
0 0 0
0 1 0
0 1 0
0 1 0
0 0 0
0 0 0
0 0 0
0 1 0
0 1 0
0 0 0
0 0 1
0 0 1
0 0 0
0 1 0
0 0 0
1 0 0
1 0 0
1 0 0
0 0 0
0 1 0
0 0 0
1 0 0
0 0 0
1 0 0
0 0 0
1 0 0
0 0 0
0 0 0
0 0 0
0 0 0
