50	3
25	200
10
7
13
19
26
3
5
9
16
16
12
19
23
20
8
19
2
12
17
9
11
18
29
3
6
17
16
16
9
21
27
23
11
14
8
5
8
16
31
9
5
5
7
18
16
1
27
36
30
13
35	35	0	230	0	0
41	49	130	201	10	2
35	17	20	89	10	2
55	45	106	135	10	2
55	20	71	195	10	3
15	30	20	107	10	3
25	30	54	153	10	1
20	50	66	105	10	1
10	43	61	138	10	1
55	60	53	150	10	2
30	60	101	156	10	1
20	65	33	152	10	1
50	35	38	97	10	1
30	25	70	208	10	2
15	10	32	137	10	1
30	5	30	154	10	2
10	20	54	105	10	1
5	30	51	189	10	3
20	40	77	106	10	2
15	60	53	108	10	1
45	65	109	152	10	3
45	20	37	96	10	2
45	10	59	144	10	3
55	5	36	155	10	3
65	35	118	190	10	3
65	20	47	186	10	1
45	30	117	156	10	1
35	40	5	156	10	3
41	37	8	79	10	2
64	42	37	98	10	3
40	60	28	123	10	1
31	52	24	85	10	3
35	69	116	175	10	3
53	52	24	179	10	1
65	55	100	143	10	2
63	65	50	178	10	1
2	60	41	178	10	3
20	20	117	160	10	3
5	5	42	145	10	2
60	12	33	186	10	2
40	25	51	128	10	3
42	7	44	159	10	3
24	12	25	172	10	2
23	3	115	158	10	3
11	14	31	138	10	1
6	38	29	189	10	3
2	48	93	150	10	3
8	56	34	116	10	1
13	52	125	192	10	2
6	68	93	132	10	1
47	47	105	152	10	2
27	29	0	230	5	4
34	57	0	230	5	4
9	54	0	230	5	4
0	1	0	
1	0	0	
0	1	0	
1	0	0	
1	0	0	
0	0	0	
0	0	0	
0	0	0	
0	1	0	
0	0	0	
0	0	0	
0	0	0	
1	0	0	
0	0	0	
1	0	0	
0	0	0	
1	0	0	
1	0	0	
0	0	0	
0	1	0	
1	0	0	
1	0	0	
1	0	0	
0	1	0	
0	0	0	
0	0	0	
1	0	0	
1	0	0	
0	1	0	
0	0	0	
0	1	0	
0	1	0	
0	0	0	
0	1	0	
0	0	0	
0	0	1	
1	0	0	
1	0	0	
1	0	0	
1	0	0	
1	0	0	
1	0	0	
1	0	0	
0	0	0	
0	0	1	
0	0	1	
0	0	0	
0	0	1	
0	0	0	
0	1	0	
