50 3
25 200
10
7
13
19
26
3
5
9
16
16
12
19
23
20
8
19
2
12
17
9
11
18
29
3
6
17
16
16
9
21
27
23
11
14
8
5
8
16
31
9
5
5
7
18
16
1
27
36
30
13
35 35 0 230 0 0
41 49 15 204 10 3
35 17 18 202 10 1
55 45 54 187 10 2
55 20 138 169 10 2
15 30 20 199 10 2
25 30 76 131 10 3
20 50 21 170 10 3
10 43 87 112 10 3
55 60 88 115 10 3
30 60 107 150 10 1
20 65 57 86 10 1
50 35 15 192 10 1
30 25 147 180 10 3
15 10 32 187 10 3
30 5 50 81 10 2
10 20 29 139 10 2
5 30 124 189 10 1
20 40 47 136 10 3
15 60 32 146 10 1
45 65 79 182 10 2
45 20 18 195 10 2
45 10 76 127 10 2
55 5 58 87 10 3
65 35 58 190 10 1
65 20 153 186 10 1
45 30 58 208 10 1
35 40 8 75 10 1
41 37 6 136 10 2
64 42 29 150 10 1
40 60 49 102 10 3
31 52 17 198 10 1
35 69 67 186 10 2
53 52 24 92 10 1
65 55 36 183 10 3
63 65 116 178 10 3
2 60 41 112 10 1
20 20 42 198 10 3
5 5 74 101 10 2
60 12 33 110 10 2
40 25 65 114 10 2
42 7 72 131 10 1
24 12 25 91 10 2
23 3 82 185 10 1
11 14 59 88 10 3
6 38 29 99 10 2
2 48 63 180 10 3
8 56 34 176 10 3
13 52 27 192 10 2
6 68 93 132 10 3
47 47 41 203 10 3
27 25 0 230 5 4
63 18 0 230 5 4
34 27 0 230 5 4
0 0 1 
0 0 0 
0 0 1 
0 1 0 
1 0 0 
1 0 0 
1 0 0 
1 0 0 
0 0 1 
0 0 0 
0 0 0 
0 0 0 
1 0 0 
1 0 0 
1 0 0 
1 0 0 
0 0 0 
1 0 0 
0 0 0 
0 0 1 
0 0 1 
0 1 0 
0 1 0 
0 0 0 
0 0 0 
0 0 0 
0 0 0 
0 0 1 
0 0 0 
0 0 1 
0 0 0 
0 0 1 
0 0 0 
0 1 0 
0 1 0 
0 0 0 
1 0 0 
1 0 0 
0 1 0 
0 0 1 
0 0 0 
1 0 0 
0 0 0 
1 0 0 
1 0 0 
1 0 0 
1 0 0 
1 0 0 
1 0 0 
0 0 1 
