50 3
25 1000
10
7
13
19
26
3
5
9
16
16
12
19
23
20
8
19
2
12
17
9
11
18
29
3
6
17
16
16
9
21
27
23
11
14
8
5
8
16
31
9
5
5
7
18
16
1
27
36
30
13
35 35 0 1000 0 0
41 49 0 974 10 2
35 17 0 972 10 2
55 45 0 967 10 2
55 20 678 801 10 2
15 30 0 969 10 1
25 30 415 514 10 2
20 50 0 968 10 3
10 43 404 481 10 2
55 60 400 497 10 2
30 60 577 632 10 3
20 65 206 325 10 2
50 35 0 975 10 2
30 25 690 827 10 1
15 10 32 243 10 2
30 5 175 300 10 1
10 20 272 373 10 2
5 30 733 870 10 3
20 40 377 434 10 2
15 60 269 378 10 1
45 65 581 666 10 2
45 20 0 971 10 3
45 10 409 494 10 3
55 5 206 325 10 3
65 35 704 847 10 3
65 20 817 956 10 1
45 30 0 978 10 3
35 40 104 255 10 2
41 37 114 255 10 3
64 42 190 313 10 3
40 60 259 354 10 3
31 52 0 972 10 3
35 69 660 777 10 3
53 52 45 200 10 3
65 55 0 953 10 2
63 65 686 813 10 2
2 60 41 208 10 1
20 20 0 968 10 2
5 5 302 405 10 3
60 12 33 224 10 2
40 25 360 437 10 1
42 7 396 511 10 1
24 12 25 172 10 2
23 3 620 705 10 3
11 14 233 340 10 1
6 38 29 189 10 1
2 48 515 628 10 2
8 56 85 250 10 3
13 52 0 962 10 3
6 68 501 540 10 1
47 47 0 973 10 1
48 16 0 1000 5 4
49 68 0 1000 5 4
49 35 0 1000 5 4
0 0 1
1 0 0
0 0 1
1 0 0
0 0 0
0 0 1
0 0 1
0 0 1
0 1 0
0 1 0
0 1 0
0 0 1
0 0 0
1 0 0
0 0 0
1 0 0
0 0 1
0 0 1
0 0 0
0 1 0
1 0 0
1 0 0
1 0 0
0 0 1
0 0 0
0 0 1
0 0 1
0 0 1
0 0 1
0 1 0
0 1 0
0 1 0
0 1 0
0 1 0
0 1 0
0 0 0
1 0 0
1 0 0
1 0 0
0 0 0
0 0 0
1 0 0
1 0 0
0 0 0
0 0 0
0 0 1
0 1 0
0 1 0
0 0 0
0 0 0
