50 3
25 1000
10
7
13
19
26
3
5
9
16
16
12
19
23
20
8
19
2
12
17
9
11
18
29
3
6
17
16
16
9
21
27
23
11
14
8
5
8
16
31
9
5
5
7
18
16
1
27
36
30
13
35 35 0 1000 0 0
41 49 0 974 10 2
35 17 0 972 10 3
55 45 0 967 10 3
55 20 678 801 10 1
15 30 0 969 10 1
25 30 0 978 10 1
20 50 0 968 10 3
10 43 404 481 10 3
55 60 400 497 10 2
30 60 0 964 10 1
20 65 206 325 10 2
50 35 0 975 10 1
30 25 690 827 10 2
15 10 0 957 10 2
30 5 175 300 10 2
10 20 0 960 10 1
5 30 0 959 10 3
20 40 0 974 10 1
15 60 0 957 10 2
45 65 0 958 10 1
45 20 0 971 10 1
45 10 0 963 10 2
55 5 206 325 10 1
65 35 0 960 10 1
65 20 817 956 10 2
45 30 0 978 10 2
35 40 0 985 10 2
41 37 0 983 10 1
64 42 0 960 10 3
40 60 0 964 10 1
31 52 0 972 10 2
35 69 0 956 10 2
53 52 0 965 10 3
65 55 0 953 10 2
63 65 0 948 10 1
2 60 0 948 10 2
20 20 0 968 10 2
5 5 302 405 10 1
60 12 0 956 10 3
40 25 0 978 10 3
42 7 0 961 10 3
24 12 0 964 10 2
23 3 0 955 10 2
11 14 233 340 10 2
6 38 0 960 10 3
2 48 0 954 10 3
8 56 0 955 10 3
13 52 0 962 10 2
6 68 0 946 10 2
47 47 0 973 10 1
20 67 0 1000 5 4
49 13 0 1000 5 4
55 26 0 1000 5 4
0 0 1
0 1 0
0 0 1
0 0 0
0 0 0
0 0 0
1 0 0
1 0 0
0 0 1
0 0 0
1 0 0
0 0 0
0 1 0
0 1 0
0 1 0
0 0 0
1 0 0
0 0 0
1 0 0
0 0 0
0 0 0
0 1 0
0 0 0
0 0 0
0 0 1
0 0 1
0 0 1
0 0 0
0 0 1
0 0 0
1 0 0
1 0 0
0 0 1
0 0 1
0 0 0
1 0 0
0 1 0
0 0 0
0 1 0
0 1 0
0 1 0
0 1 0
0 1 0
0 1 0
1 0 0
1 0 0
1 0 0
1 0 0
1 0 0
0 0 0
