50 3
25 1000
10
7
13
19
26
3
5
9
16
16
12
19
23
20
8
19
2
12
17
9
11
18
29
3
6
17
16
16
9
21
27
23
11
14
8
5
8
16
31
9
5
5
7
18
16
1
27
36
30
13
35 35 0 1000 0 0
41 49 636 919 10 3
35 17 74 351 10 1
55 45 498 613 10 2
55 20 470 965 10 1
15 30 20 370 10 3
25 30 266 663 10 1
20 50 292 449 10 1
10 43 288 597 10 1
55 60 254 643 10 1
30 60 496 713 10 1
20 65 33 510 10 2
50 35 170 403 10 2
30 25 426 978 10 2
15 10 32 454 10 1
30 5 30 529 10 3
10 20 222 423 10 1
5 30 409 959 10 3
20 40 349 462 10 2
15 60 215 432 10 3
45 65 538 709 10 1
45 20 156 389 10 3
45 10 280 623 10 3
55 5 36 513 10 1
65 35 633 918 10 1
65 20 400 956 10 2
45 30 548 707 10 2
35 40 5 612 10 2
41 37 44 325 10 2
64 42 129 374 10 3
40 60 115 498 10 1
31 52 91 336 10 1
35 69 602 835 10 2
53 52 24 646 10 3
65 55 487 656 10 2
63 65 439 948 10 1
2 60 41 710 10 3
20 20 563 736 10 1
5 5 147 560 10 1
60 12 33 797 10 3
40 25 243 554 10 1
42 7 225 682 10 1
24 12 25 616 10 2
23 3 578 747 10 1
11 14 72 501 10 1
6 38 29 669 10 1
2 48 458 685 10 2
8 56 34 362 10 2
13 52 694 962 10 3
6 68 444 597 10 2
47 47 499 690 10 3
40 4 0 1000 5 4
3 17 0 1000 5 4
51 11 0 1000 5 4
0 0 1 
0 0 0 
0 0 1 
0 0 0 
0 1 0 
0 0 0 
0 0 0 
0 0 0 
0 0 0 
0 0 0 
0 1 0 
0 0 1 
1 0 0 
0 0 0 
1 0 0 
0 0 0 
0 1 0 
0 1 0 
0 1 0 
0 0 0 
0 0 1 
0 0 1 
0 0 0 
0 0 0 
0 0 1 
0 0 1 
0 0 1 
0 0 1 
0 0 1 
0 0 0 
0 0 0 
0 0 1 
0 0 1 
0 0 1 
0 0 0 
0 1 0 
0 0 0 
0 0 0 
0 0 1 
0 0 0 
0 0 0 
1 0 0 
0 0 0 
0 0 0 
0 0 0 
0 1 0 
0 1 0 
0 1 0 
0 1 0 
0 0 1 
