50 3
25 1000
10
7
13
19
26
3
5
9
16
16
12
19
23
20
8
19
2
12
17
9
11
18
29
3
6
17
16
16
9
21
27
23
11
14
8
5
8
16
31
9
5
5
7
18
16
1
27
36
30
13
35 35 0 1000 0 0
41 49 451 974 10 2
35 17 18 534 10 1
55 45 378 733 10 1
55 20 477 965 10 1
15 30 20 610 10 2
25 30 245 684 10 3
20 50 172 569 10 2
10 43 245 640 10 1
55 60 231 666 10 1
30 60 430 779 10 1
20 65 33 511 10 3
50 35 50 523 10 1
30 25 462 978 10 1
15 10 32 694 10 2
30 5 30 519 10 2
10 20 102 543 10 3
5 30 444 959 10 1
20 40 229 582 10 3
15 60 95 552 10 1
45 65 418 829 10 1
45 20 36 509 10 1
45 10 246 657 10 3
55 5 36 514 10 1
65 35 435 960 10 2
65 20 438 956 10 2
45 30 428 827 10 2
35 40 5 548 10 2
41 37 6 526 10 3
64 42 29 513 10 3
40 60 91 522 10 3
31 52 17 501 10 1
35 69 482 955 10 1
53 52 24 575 10 2
65 55 367 776 10 3
63 65 453 948 10 3
2 60 41 615 10 1
20 20 443 856 10 3
5 5 130 577 10 3
60 12 33 655 10 2
40 25 201 596 10 2
42 7 219 688 10 3
24 12 25 560 10 2
23 3 458 867 10 1
11 14 59 514 10 3
6 38 29 589 10 3
2 48 338 805 10 3
8 56 34 602 10 2
13 52 454 962 10 1
6 68 362 679 10 1
47 47 379 810 10 1
11 10 0 1000 5 4
7 48 0 1000 5 4
12 47 0 1000 5 4
0 0 1 
0 0 0 
0 0 0 
0 0 0 
0 0 1 
0 0 1 
0 0 1 
0 0 0 
0 0 0 
0 0 0 
0 0 1 
0 0 0 
0 0 0 
1 0 0 
1 0 0 
1 0 0 
0 0 0 
0 0 1 
0 0 0 
0 0 0 
0 0 0 
1 0 0 
0 0 0 
0 0 1 
1 0 0 
0 0 1 
0 0 1 
0 0 1 
0 0 1 
0 0 1 
0 0 0 
0 0 0 
0 0 1 
0 0 1 
0 0 1 
0 0 0 
1 0 0 
1 0 0 
1 0 0 
1 0 0 
1 0 0 
1 0 0 
0 0 0 
1 0 0 
0 1 0 
0 1 0 
0 1 0 
0 0 0 
0 0 0 
0 0 0 
