50	3
25	200
20
30
10
40
20
20
20
10
20
30
40
20
10
10
20
20
20
20
40
10
10
40
30
10
20
30
20
10
10
10
20
10
10
30
20
40
10
30
10
30
20
10
20
10
10
10
10
10
10
30
40	50	0	240	0	0
25	85	125	191	10	3
22	75	32	97	10	2
22	85	101	146	10	1
20	80	71	193	10	1
20	85	40	113	10	1
18	75	55	164	10	2
15	75	69	118	10	1
15	80	56	155	10	3
10	35	51	160	10	3
10	40	90	177	10	2
8	40	33	152	10	3
8	45	49	108	10	3
5	35	62	191	10	1
5	45	35	117	10	1
2	40	39	161	10	3
0	40	59	114	10	2
0	45	60	189	10	1
44	5	79	124	10	1
42	10	58	115	10	1
42	15	111	162	10	2
40	5	52	111	10	2
40	15	55	158	10	1
38	5	45	164	10	2
38	15	128	194	10	2
35	5	54	184	10	3
95	30	105	154	10	3
95	35	57	172	10	2
92	30	55	120	10	2
90	35	52	112	10	3
88	30	52	159	10	3
88	35	50	110	10	1
87	30	116	175	10	2
85	25	51	178	10	2
85	35	100	151	10	1
67	85	61	185	10	1
65	85	43	186	10	3
65	82	113	164	10	1
62	80	37	148	10	2
60	80	36	191	10	2
60	85	50	149	10	1
58	75	48	165	10	2
55	80	33	166	10	1
55	85	117	168	10	1
55	82	35	148	10	1
20	82	37	177	10	3
18	80	98	157	10	1
2	45	38	109	10	1
42	5	120	184	10	3
42	12	79	158	10	3
72	35	104	157	10	3
20	21	0	240	5	4
26	37	0	240	5	4
89	60	0	240	5	4
0	1	0	
0	1	0	
0	0	0	
0	0	0	
0	0	0	
0	1	0	
0	0	0	
0	1	0	
0	1	0	
0	1	0	
0	1	0	
0	1	0	
0	0	0	
0	0	0	
0	1	0	
0	1	0	
0	0	0	
0	0	0	
0	0	0	
1	0	0	
1	0	0	
0	0	0	
1	0	0	
1	0	0	
1	0	0	
0	0	1	
0	0	1	
0	0	1	
0	0	1	
0	0	1	
0	0	0	
0	0	1	
0	0	1	
0	0	0	
0	0	0	
0	0	1	
0	0	0	
0	0	1	
0	0	1	
0	0	0	
0	0	1	
0	0	0	
0	0	0	
0	0	0	
0	1	0	
0	0	0	
0	0	0	
1	0	0	
1	0	0	
0	0	1	
