50	3
25	200
20
30
10
40
20
20
20
10
20
30
40
20
10
10
20
20
20
20
40
10
10
40
30
10
20
30
20
10
10
10
20
10
10
30
20
40
10
30
10
30
20
10
20
10
10
10
10
10
10
30
40	50	0	240	0	0
25	85	71	191	10	2
22	75	30	150	10	2
22	85	64	184	10	2
20	80	151	161	10	2
20	85	40	160	10	3
18	75	96	123	10	3
15	75	35	155	10	2
15	80	101	111	10	3
10	35	101	111	10	2
10	40	123	144	10	2
8	40	69	79	10	1
8	45	32	152	10	3
5	35	152	162	10	2
5	45	35	117	10	3
2	40	68	78	10	1
0	40	59	114	10	1
0	45	147	180	10	2
44	5	79	124	10	3
42	10	58	115	10	2
42	15	111	162	10	2
40	5	45	165	10	2
40	15	94	119	10	1
38	5	75	85	10	3
38	15	128	194	10	2
35	5	171	181	10	2
95	30	58	171	10	3
95	35	60	93	10	3
92	30	55	120	10	1
90	35	52	112	10	2
88	30	75	102	10	3
88	35	50	170	10	3
87	30	116	175	10	2
85	25	51	85	10	3
85	35	62	182	10	1
67	85	138	169	10	3
65	85	43	78	10	3
65	82	69	189	10	1
62	80	85	95	10	2
60	80	36	74	10	1
60	85	87	112	10	1
58	75	92	121	10	1
55	80	33	66	10	3
55	85	117	168	10	3
55	82	74	84	10	3
20	82	37	72	10	1
18	80	98	157	10	1
2	45	38	109	10	1
42	5	64	184	10	1
42	12	109	128	10	2
72	35	71	191	10	3
56	14	0	240	5	4
18	62	0	240	5	4
36	37	0	240	5	4
0	1	0	
0	1	0	
0	1	0	
0	1	0	
0	1	0	
0	1	0	
0	1	0	
0	1	0	
0	0	1	
0	1	0	
0	0	0	
0	1	0	
0	1	0	
0	1	0	
0	0	0	
0	0	0	
0	1	0	
1	0	0	
1	0	0	
1	0	0	
1	0	0	
0	0	0	
1	0	0	
1	0	0	
1	0	0	
1	0	0	
1	0	0	
0	0	0	
1	0	0	
1	0	0	
1	0	0	
1	0	0	
1	0	0	
0	0	0	
0	1	0	
0	1	0	
0	0	0	
0	1	0	
0	0	0	
0	0	0	
0	0	0	
0	1	0	
0	1	0	
0	1	0	
0	0	0	
0	0	0	
0	0	0	
0	0	0	
1	0	0	
1	0	0	
