50 3
25 1000
20
30
10
40
20
20
20
10
20
30
40
20
10
10
20
20
20
20
40
10
10
40
30
10
20
30
20
10
10
10
20
10
10
30
20
40
10
30
10
30
20
10
20
10
10
10
10
10
10
30
40 50 0 960 0 0
25 85 431 911 10 3
22 75 30 510 10 1
22 85 291 771 10 2
20 80 674 734 10 3
20 85 40 520 10 3
18 75 393 502 10 3
15 75 120 600 10 1
15 80 397 457 10 3
10 35 401 461 10 3
10 40 535 622 10 3
8 40 225 285 10 3
8 45 43 523 10 3
5 35 683 743 10 2
5 45 35 366 10 1
2 40 204 264 10 2
0 40 204 425 10 1
0 45 698 827 10 1
44 5 306 483 10 3
42 10 199 428 10 3
42 15 494 699 10 1
40 5 45 525 10 3
40 15 383 486 10 2
38 5 231 291 10 1
38 15 609 872 10 3
35 5 821 881 10 3
95 30 349 829 10 1
95 35 138 273 10 1
92 30 78 339 10 2
90 35 132 375 10 2
88 30 252 359 10 3
88 35 50 530 10 1
87 30 562 799 10 3
85 25 71 208 10 3
85 35 307 787 10 1
67 85 655 778 10 2
65 85 43 186 10 3
65 82 377 857 10 1
62 80 308 368 10 1
60 80 46 201 10 1
60 85 339 438 10 3
58 75 377 494 10 3
55 80 33 166 10 2
55 85 531 736 10 2
55 82 247 307 10 3
20 82 37 177 10 1
18 80 432 665 10 2
2 45 38 322 10 1
42 5 424 904 10 1
42 12 460 539 10 3
72 35 327 807 10 1
16 36 0 960 5 4
87 27 0 960 5 4
63 39 0 960 5 4
1 0 0 
0 0 0 
1 0 0 
1 0 0 
1 0 0 
1 0 0 
0 0 0 
1 0 0 
1 0 0 
1 0 0 
1 0 0 
1 0 0 
1 0 0 
0 0 0 
1 0 0 
0 0 0 
0 0 0 
0 0 1 
0 0 1 
0 0 0 
1 0 0 
1 0 0 
0 0 0 
1 0 0 
1 0 0 
0 0 0 
0 0 0 
0 1 0 
0 1 0 
0 1 0 
0 0 0 
0 1 0 
0 1 0 
0 0 0 
0 0 1 
0 0 1 
0 0 0 
0 0 0 
0 0 0 
0 0 1 
0 0 1 
0 0 1 
0 0 1 
0 0 1 
0 0 0 
1 0 0 
0 0 0 
0 0 0 
0 0 1 
0 0 0 
