50 3
25 1000
20
30
10
40
20
20
20
10
20
30
40
20
10
10
20
20
20
20
40
10
10
40
30
10
20
30
20
10
10
10
20
10
10
30
20
40
10
30
10
30
20
10
20
10
10
10
10
10
10
30
40 50 0 960 0 0
25 85 591 874 10 3
22 75 73 350 10 2
22 85 473 588 10 2
20 80 418 913 10 1
20 85 40 390 10 1
18 75 249 646 10 2
15 75 281 438 10 2
15 80 272 581 10 3
10 35 236 625 10 1
10 40 470 687 10 3
8 40 33 510 10 1
8 45 166 399 10 2
5 35 359 911 10 2
5 45 35 457 10 3
2 40 39 538 10 2
0 40 214 415 10 1
0 45 359 909 10 1
44 5 338 451 10 3
42 10 205 422 10 2
42 15 511 682 10 2
40 5 158 391 10 2
40 15 263 606 10 1
38 5 45 522 10 3
38 15 598 883 10 3
35 5 348 904 10 1
95 30 509 668 10 2
95 35 57 664 10 3
92 30 68 349 10 3
90 35 131 376 10 3
88 30 114 497 10 2
88 35 102 347 10 2
87 30 564 797 10 3
85 25 51 673 10 3
85 35 462 631 10 1
67 85 396 905 10 2
65 85 43 712 10 1
65 82 530 703 10 2
62 80 131 544 10 3
60 80 36 800 10 1
60 85 233 544 10 2
58 75 207 664 10 2
55 80 33 624 10 3
55 85 549 718 10 3
55 82 62 491 10 3
20 82 37 677 10 2
18 80 435 662 10 2
2 45 38 366 10 3
42 5 636 904 10 3
42 12 423 576 10 3
72 35 471 662 10 1
52 7 0 960 5 4
32 70 0 960 5 4
5 62 0 960 5 4
0 1 0
0 1 0
0 1 0
0 0 0
0 0 0
0 1 0
0 0 1
0 1 0
0 0 0
0 0 1
0 0 0
0 0 1
0 0 1
0 0 1
0 0 1
0 0 0
0 0 0
1 0 0
1 0 0
1 0 0
1 0 0
0 0 0
1 0 0
1 0 0
0 0 0
1 0 0
1 0 0
1 0 0
1 0 0
1 0 0
1 0 0
1 0 0
1 0 0
0 0 0
0 1 0
0 0 0
0 1 0
0 1 0
0 0 0
0 1 0
0 1 0
0 1 0
0 1 0
0 1 0
0 1 0
0 1 0
0 0 1
1 0 0
1 0 0
0 0 0
