50	3
25	1000
20
30
10
40
20
20
20
10
20
30
40
20
10
10
20
20
20
20
40
10
10
40
30
10
20
30
20
10
10
10
20
10
10
30
20
40
10
30
10
30
20
10
20
10
10
10
10
10
10
30
40	50	0	960	0	0
25	85	0	911	10	2
22	75	0	919	10	3
22	85	0	910	10	3
20	80	644	764	10	3
20	85	0	909	10	1
18	75	388	508	10	3
15	75	0	914	10	3
15	80	367	487	10	2
10	35	371	491	10	1
10	40	519	639	10	1
8	40	195	315	10	1
8	45	0	917	10	2
5	35	653	773	10	1
5	45	35	155	10	1
2	40	174	294	10	3
0	40	255	375	10	2
0	45	703	823	10	1
44	5	335	455	10	1
42	10	254	374	10	1
42	15	537	657	10	2
40	5	0	905	10	2
40	15	375	495	10	2
38	5	201	321	10	2
38	15	681	801	10	2
35	5	784	904	10	1
95	30	0	891	10	2
95	35	146	266	10	2
92	30	149	269	10	2
90	35	194	314	10	1
88	30	246	366	10	2
88	35	0	899	10	3
87	30	621	741	10	3
85	25	80	200	10	2
85	35	0	902	10	1
67	85	657	777	10	3
65	85	43	163	10	3
65	82	0	909	10	3
62	80	278	398	10	3
60	80	64	184	10	2
60	85	329	449	10	1
58	75	376	496	10	2
55	80	33	153	10	1
55	85	574	694	10	3
55	82	217	337	10	1
20	82	37	157	10	3
18	80	489	609	10	3
2	45	105	225	10	3
42	5	0	904	10	3
42	12	440	560	10	2
72	35	0	914	10	2
41	85	0	960	5	4
94	18	0	960	5	4
65	15	0	960	5	4
1	0	0	
1	0	0	
1	0	0	
1	0	0	
0	0	0	
1	0	0	
1	0	0	
1	0	0	
0	0	0	
0	0	0	
0	0	0	
1	0	0	
0	0	0	
0	0	0	
1	0	0	
1	0	0	
0	0	0	
0	0	0	
0	0	0	
0	0	1	
0	0	1	
0	0	1	
0	0	1	
0	0	1	
0	0	0	
0	1	0	
0	1	0	
0	1	0	
0	0	0	
0	1	0	
0	1	0	
0	1	0	
0	1	0	
0	0	0	
1	0	0	
1	0	0	
1	0	0	
1	0	0	
1	0	0	
0	0	0	
1	0	0	
0	0	0	
1	0	0	
0	0	0	
1	0	0	
1	0	0	
1	0	0	
0	0	1	
0	0	1	
0	0	1	
