100	5
25	700
10
30
10
10
10
20
20
20
10
10
10
20
30
10
40
40
20
20
10
10
20
20
10
10
40
10
10
20
10
10
20
30
40
20
10
10
20
30
20
10
10
20
10
10
10
30
10
10
10
10
10
10
20
40
10
30
40
30
10
20
10
20
50
10
10
10
10
10
10
30
20
10
10
50
20
10
10
20
10
10
30
20
10
20
30
10
20
30
10
10
10
20
40
10
30
10
30
20
10
20
40	50	0	3390	0	0
52	75	231	551	90	3
45	70	133	453	90	2
62	69	1087	1407	90	3
60	66	1181	1501	90	1
42	65	15	335	90	2
16	42	417	737	90	3
58	70	993	1313	90	1
34	60	2807	3127	90	3
28	70	2521	2841	90	1
35	66	2711	3031	90	1
35	69	2618	2938	90	3
25	85	2039	2359	90	2
22	75	2325	2645	90	3
22	85	1946	2266	90	2
20	80	2136	2456	90	2
20	85	1854	2174	90	2
18	75	2231	2551	90	2
15	75	1662	1982	90	3
15	80	1757	2077	90	3
30	50	10	330	90	2
30	56	2903	3223	90	2
28	52	12	332	90	3
14	66	1563	1883	90	2
25	50	36	356	90	3
22	66	2424	2744	90	2
8	62	1465	1785	90	2
23	52	129	449	90	2
4	55	1367	1687	90	3
20	50	318	638	90	2
20	55	223	543	90	3
10	35	701	1021	90	1
10	40	513	833	90	3
8	40	605	925	90	1
8	45	1266	1586	90	3
5	35	796	1116	90	3
5	45	1173	1493	90	3
2	40	891	1211	90	3
0	40	983	1303	90	2
0	45	1078	1398	90	3
36	18	1739	2059	90	1
35	32	2678	2998	90	1
33	32	2586	2906	90	1
33	35	2493	2813	90	2
32	20	1833	2153	90	3
30	30	2025	2345	90	2
34	25	1929	2249	90	3
30	35	2400	2720	90	2
36	40	2776	3096	90	3
48	20	887	1207	90	2
26	32	2212	2532	90	1
25	30	2120	2440	90	3
25	35	2305	2625	90	1
44	5	1176	1496	90	2
42	10	1080	1400	90	1
42	15	985	1305	90	2
40	5	1270	1590	90	3
38	15	1645	1965	90	2
38	5	1362	1682	90	3
38	10	1550	1870	90	1
35	5	1455	1775	90	3
50	30	321	641	90	3
50	35	40	360	90	1
50	40	14	334	90	3
48	30	413	733	90	2
44	25	791	1111	90	3
47	35	508	828	90	3
47	40	12	332	90	1
42	30	696	1016	90	1
45	35	600	920	90	3
95	30	2241	2561	90	3
95	35	2146	2466	90	1
53	30	228	548	90	3
92	30	2334	2654	90	3
53	35	133	453	90	3
45	65	38	358	90	2
90	35	2051	2371	90	2
72	45	2820	3140	90	2
78	40	2722	3042	90	2
87	30	2528	2848	90	1
85	25	2433	2753	90	3
85	35	2623	2943	90	2
75	55	1845	2165	90	1
72	55	1752	2072	90	1
70	58	1561	1881	90	1
86	46	1949	2269	90	2
66	55	1656	1976	90	1
64	46	2955	3275	90	2
65	60	1466	1786	90	2
56	64	1275	1595	90	2
60	55	2959	3279	90	3
60	60	1371	1691	90	2
67	85	614	934	90	1
42	58	8	328	90	2
65	82	708	1028	90	3
62	80	801	1121	90	1
62	40	2921	3241	90	3
60	85	517	837	90	2
58	75	898	1218	90	2
55	80	327	647	90	3
55	85	422	742	90	3
62	45	0	3390	45	4
16	21	0	3390	45	4
35	24	0	3390	45	4
61	38	0	3390	45	4
14	75	0	3390	45	4
1	0	0	0	0	
1	0	0	0	0	
1	0	0	0	0	
0	0	0	0	0	
1	0	0	0	0	
0	1	0	0	0	
0	0	0	0	0	
0	0	0	0	1	
0	0	0	0	0	
0	0	0	0	0	
0	0	0	0	1	
0	0	0	0	1	
0	0	0	0	1	
0	0	0	0	1	
0	0	0	0	1	
0	0	0	0	1	
0	0	0	0	1	
0	0	0	0	1	
0	0	0	0	1	
0	0	1	0	0	
0	0	0	0	1	
0	0	0	0	1	
0	0	0	0	1	
0	0	0	0	1	
0	0	0	0	1	
0	0	0	0	1	
0	0	0	0	1	
0	0	0	0	1	
0	0	0	0	1	
0	0	0	0	1	
0	0	0	0	0	
0	1	0	0	0	
0	0	0	0	0	
0	1	0	0	0	
0	1	0	0	0	
0	1	0	0	0	
0	1	0	0	0	
0	1	0	0	0	
0	1	0	0	0	
0	0	0	0	0	
0	0	0	0	0	
0	0	0	0	0	
0	0	1	0	0	
0	0	1	0	0	
0	0	1	0	0	
0	0	1	0	0	
0	0	1	0	0	
0	0	1	0	0	
0	0	1	0	0	
0	0	0	0	0	
0	0	1	0	0	
0	0	0	0	0	
0	0	1	0	0	
0	0	0	0	0	
0	0	1	0	0	
0	0	1	0	0	
0	0	1	0	0	
0	0	1	0	0	
0	0	0	0	0	
0	0	1	0	0	
0	0	0	1	0	
0	0	0	0	0	
0	0	0	1	0	
0	0	1	0	0	
0	0	1	0	0	
0	0	0	1	0	
0	0	0	0	0	
0	0	0	0	0	
0	0	1	0	0	
0	0	0	1	0	
0	0	0	0	0	
0	0	0	1	0	
0	0	0	1	0	
0	0	0	1	0	
1	0	0	0	0	
0	0	0	1	0	
1	0	0	0	0	
1	0	0	0	0	
0	0	0	0	0	
0	0	0	1	0	
0	0	0	1	0	
0	0	0	0	0	
0	0	0	0	0	
0	0	0	0	0	
1	0	0	0	0	
0	0	0	0	0	
1	0	0	0	0	
1	0	0	0	0	
1	0	0	0	0	
1	0	0	0	0	
1	0	0	0	0	
0	0	0	0	0	
1	0	0	0	0	
1	0	0	0	0	
0	0	0	0	0	
0	0	0	1	0	
1	0	0	0	0	
1	0	0	0	0	
1	0	0	0	0	
1	0	0	0	0	
