84 5000
196 460
112 305
178 449
163 431
131 301
184 492
107 280
103 239
88 233
60 162
184 487
149 391
183 457
126 327
200 460
192 436
194 528
125 284
191 525
186 474
155 375
141 348
154 354
87 210
97 261
105 246
120 279
183 416
159 361
177 420
170 395
72 165
168 382
159 369
87 219
169 414
158 434
66 161
89 213
103 262
186 483
180 431
187 490
67 152
115 304
107 291
60 147
115 313
111 288
162 376
188 437
159 385
87 232
179 487
57 138
130 347
70 192
180 427
163 366
172 404
64 148
135 337
122 280
77 207
89 224
178 418
135 354
153 386
197 458
153 359
183 480
130 347
96 230
199 547
137 356
52 140
74 194
184 418
72 183
167 446
102 277
133 335
194 460
78 193
