93 6350
79 205
104 270
173 458
108 248
155 383
116 292
69 160
92 227
68 176
178 462
146 346
104 280
61 144
147 389
123 322
76 182
107 264
104 249
83 192
200 455
143 328
82 200
70 180
128 345
122 317
158 434
122 277
87 228
114 279
127 292
143 364
168 424
110 277
150 401
177 415
152 376
65 170
50 120
63 149
69 189
99 237
187 472
176 484
113 290
55 141
126 340
172 442
189 467
144 378
79 185
60 138
94 225
166 381
74 196
183 471
109 264
162 388
110 288
103 254
123 292
124 282
191 515
141 327
199 502
82 211
115 293
156 401
147 330
56 126
156 378
167 413
58 133
91 250
141 331
111 302
62 153
164 393
164 422
168 407
90 247
87 226
89 224
168 428
76 176
143 386
126 286
187 509
126 315
143 339
133 339
174 456
69 188
197 541
