94 8250
127 301
193 468
177 477
93 241
129 309
183 498
128 288
66 150
192 484
100 270
67 164
98 267
133 339
188 502
58 153
98 242
149 402
69 186
158 391
189 453
116 287
138 379
167 446
99 235
81 202
103 252
105 270
113 274
126 283
128 336
159 429
105 288
179 456
133 305
108 278
149 368
183 471
146 354
81 216
102 244
157 408
92 211
133 322
138 341
59 146
177 460
112 252
54 132
119 294
169 430
117 315
148 351
179 492
81 188
85 229
129 348
122 308
150 408
147 363
166 381
155 418
194 470
188 423
160 416
109 277
155 360
157 353
65 160
135 320
181 443
84 214
199 482
137 335
200 505
153 363
154 408
119 297
52 133
191 434
120 321
71 189
162 437
189 505
85 204
116 266
131 301
147 334
151 415
89 202
68 154
85 199
191 482
179 465
141 345
