86 5900
121 284
112 271
136 316
112 271
169 443
88 220
102 272
146 390
177 407
190 508
74 172
198 499
65 172
54 126
176 484
196 514
161 430
56 142
71 168
144 396
80 212
199 497
91 234
97 261
90 238
175 481
139 361
136 319
90 240
179 438
127 317
116 290
140 346
63 149
131 307
175 398
150 408
55 145
190 489
93 239
67 164
147 338
51 118
162 368
155 371
64 176
143 368
68 166
78 204
98 220
103 265
191 515
197 492
127 323
94 237
126 289
108 261
129 345
156 421
134 351
108 261
192 460
155 418
125 309
195 507
94 258
161 378
136 346
58 152
198 499
149 346
85 227
64 161
179 438
133 299
184 501
176 396
77 205
80 212
130 351
183 443
65 173
68 187
62 139
127 330
167 417
