87 5550
80 200
66 160
115 270
180 495
108 297
165 433
152 342
118 315
79 211
129 348
68 176
111 263
114 259
164 381
89 222
51 140
100 262
96 240
97 266
67 172
188 474
100 260
123 304
70 175
71 177
53 120
59 132
79 213
137 325
183 420
53 133
117 280
59 151
175 455
78 204
164 397
150 378
187 467
57 141
193 439
129 341
129 309
59 132
187 430
84 193
78 189
88 200
184 464
96 261
88 213
170 399
132 346
119 276
167 425
148 407
118 315
184 427
69 156
166 410
53 124
80 220
55 132
190 437
53 127
57 129
83 222
139 333
111 258
180 490
164 438
134 311
177 429
124 331
168 462
176 426
169 392
157 416
136 336
154 350
71 184
132 359
130 292
181 407
148 381
166 402
50 133
195 511
