88 6000
91 222
151 400
92 248
86 206
52 117
54 137
83 201
191 506
134 318
191 439
56 133
168 424
135 320
113 307
70 192
173 467
143 336
131 327
55 143
63 168
112 302
55 138
134 355
104 241
153 386
168 394
97 235
200 520
98 230
71 161
193 482
110 286
84 220
67 159
111 266
54 137
136 346
156 429
57 153
140 367
88 217
59 137
187 434
97 220
123 292
174 452
140 329
106 272
109 294
161 426
119 270
174 465
146 390
133 315
125 328
151 385
198 529
137 332
69 169
190 460
157 365
107 243
166 452
83 203
96 220
164 442
147 345
54 144
158 363
93 237
97 254
157 427
78 177
61 160
85 225
142 355
79 187
122 280
99 240
138 372
148 370
127 342
144 378
70 168
125 337
160 372
144 327
144 370
