76 4100
61 157
74 197
96 220
90 222
61 140
179 420
131 301
113 285
87 237
172 464
172 408
95 256
121 302
156 351
88 224
146 350
102 252
189 515
164 397
138 324
169 460
187 453
99 227
115 310
73 167
55 148
188 427
177 469
77 205
155 348
137 356
181 466
128 348
84 226
97 227
181 420
143 346
144 392
103 234
188 493
169 460
50 127
171 436
113 282
92 243
167 455
112 263
86 206
70 183
115 276
122 320
90 213
92 230
93 220
123 292
115 287
169 443
163 366
144 392
130 328
95 218
64 163
182 468
170 454
189 496
115 290
176 462
151 392
93 251
176 484
52 117
173 389
190 498
151 388
167 442
144 327
