76 6150
156 413
118 309
156 382
200 540
177 398
122 280
96 249
194 475
137 345
145 358
188 441
126 340
112 296
57 143
88 211
72 165
97 264
68 181
94 242
145 366
173 454
57 156
65 146
104 241
167 430
97 218
93 220
102 270
70 189
109 283
157 357
124 300
110 299
180 450
143 389
154 385
142 330
161 390
79 177
113 274
128 320
88 198
64 147
146 343
66 171
61 140
142 379
134 368
176 444
121 308
156 362
74 177
169 397
199 517
107 243
64 172
129 354
175 437
130 334
196 455
110 288
92 232
53 120
197 487
180 454
156 421
152 406
194 441
78 208
118 274
193 530
55 136
150 405
193 477
76 205
50 121
