85 6300
51 131
151 407
117 301
149 350
70 175
71 195
175 393
106 265
78 195
91 227
150 386
118 265
179 411
156 401
93 211
118 283
85 208
130 344
136 316
164 414
200 500
119 270
141 384
170 416
193 477
72 165
97 259
174 417
111 266
55 126
89 226
133 325
129 309
58 140
174 395
133 342
199 452
180 423
96 247
119 276
160 420
69 156
90 215
93 227
124 303
59 160
145 340
63 151
102 229
180 454
76 193
128 345
112 296
123 301
138 310
54 132
135 303
127 346
174 408
185 467
161 410
131 301
67 155
173 428
102 234
146 379
100 240
187 476
115 273
136 374
131 334
177 407
84 205
152 372
144 341
170 450
171 448
150 337
189 448
64 169
82 192
58 155
161 378
200 505
114 304
