83 4150
80 194
160 412
158 391
60 141
191 482
181 484
190 503
61 154
161 386
116 290
114 307
59 153
100 237
74 201
105 283
190 446
173 458
82 209
185 457
60 145
65 162
190 517
167 438
51 114
99 269
164 446
167 455
86 195
176 409
188 427
95 228
107 288
131 356
85 214
193 487
128 326
116 298
127 295
62 141
174 474
62 167
142 358
188 512
146 379
167 442
132 313
127 295
128 304
100 247
128 288
97 235
65 170
182 436
107 246
178 467
123 292
73 191
157 392
128 339
59 143
56 141
181 416
159 421
56 128
144 381
109 245
62 168
159 409
173 441
115 293
90 218
174 452
172 460
101 270
85 216
69 162
190 517
118 289
194 470
115 270
114 310
123 338
110 272
