88 5000
99 230
72 178
90 218
175 402
183 466
176 435
141 387
109 275
63 146
136 360
154 404
178 436
137 325
85 199
60 138
94 232
70 187
117 283
129 309
95 256
53 135
177 407
183 498
163 411
135 357
140 378
163 403
161 422
72 176
177 473
112 294
60 136
87 226
199 532
189 434
70 162
99 252
200 460
194 470
58 146
96 254
171 444
114 265
190 489
105 286
68 163
68 185
185 476
156 362
156 390
118 309
120 330
133 345
200 495
94 227
148 392
184 432
119 309
144 352
152 399
84 222
179 425
128 336
199 507
54 148
197 497
167 396
127 346
133 359
106 249
173 454
163 444
58 140
101 272
155 426
178 449
122 323
52 128
119 309
123 325
120 330
77 207
69 172
157 353
109 272
96 232
115 301
73 198
