94 7350
114 267
109 277
126 330
120 270
75 200
104 239
146 335
144 363
111 288
150 352
97 242
91 213
125 321
56 154
141 327
159 389
101 234
96 247
187 500
56 147
190 460
142 372
197 448
200 495
175 441
104 278
96 252
68 166
125 331
190 451
86 195
161 414
69 186
160 412
166 373
82 184
158 418
157 353
73 191
56 142
147 374
162 429
107 283
181 452
119 306
93 234
104 273
87 215
141 348
54 133
105 246
122 308
69 179
107 246
72 190
189 425
189 429
57 143
60 145
148 358
164 389
168 386
183 411
124 325
75 181
133 362
128 316
66 160
160 428
84 224
84 199
197 487
87 202
76 190
121 275
86 227
189 491
147 396
200 460
73 195
99 232
101 242
58 149
99 252
113 268
63 166
70 182
77 194
71 191
191 463
193 443
71 159
103 231
180 477
