88 4950
180 459
96 242
198 480
134 341
81 190
129 325
174 469
75 172
196 539
115 299
142 379
179 416
157 427
103 257
96 230
87 206
115 316
70 187
138 313
53 135
177 438
63 157
115 281
87 219
149 379
193 448
115 313
51 118
93 213
174 417
56 128
87 226
102 242
181 479
63 152
118 280
60 156
53 137
154 404
135 320
99 227
169 392
51 133
157 412
94 258
129 306
91 229
166 385
159 385
175 402
73 180
178 422
54 126
152 345
147 389
59 138
176 409
141 384
57 135
129 306
86 232
74 201
94 251
78 185
180 477
59 159
127 311
90 207
78 189
129 351
136 357
172 421
109 250
81 202
122 323
51 117
99 230
123 301
76 199
129 309
111 285
131 356
71 191
151 403
106 283
200 510
126 324
141 331
