92 6400
79 193
51 140
155 387
183 457
109 256
141 334
112 308
120 285
117 312
87 195
81 204
189 444
120 315
82 223
89 240
67 170
191 453
107 243
196 470
76 207
183 489
101 234
103 275
92 209
189 439
97 230
187 425
98 257
192 499
128 304
127 295
63 144
54 128
120 330
156 358
59 141
195 438
113 302
68 180
95 251
87 200
129 316
120 276
165 412
130 344
85 191
71 173
160 440
190 484
143 321
55 136
59 154
161 410
75 170
50 126
89 211
160 364
174 478
175 468
89 206
194 446
88 209
180 450
147 341
179 407
166 381
173 475
90 204
86 223
184 450
121 284
194 485
192 513
173 475
62 142
69 177
191 453
105 283
160 372
78 187
121 290
128 313
150 378
184 483
168 378
61 152
148 351
85 221
163 419
193 439
176 479
157 368
