96 4950
143 339
171 448
152 399
123 289
152 406
158 402
193 458
166 410
115 299
186 423
183 471
73 177
156 413
142 376
146 401
96 225
71 179
70 164
124 310
67 177
195 526
148 407
160 436
70 178
119 312
104 244
189 425
100 267
182 445
111 258
156 405
179 460
113 293
86 227
171 384
171 444
198 475
186 478
199 452
134 358
83 199
91 225
131 330
91 247
75 183
198 524
60 151
91 207
174 400
65 178
118 274
106 249
61 152
140 318
110 291
62 153
173 467
156 409
85 218
100 230
149 365
90 247
63 165
59 144
138 324
155 352
177 411
54 135
188 427
62 170
172 447
57 146
62 153
66 173
169 388
173 397
128 329
142 337
140 353
86 206
199 507
163 391
171 431
113 285
56 152
159 397
184 427
145 384
111 266
199 522
153 363
63 173
91 211
130 341
125 290
156 417
