72 4050
112 274
196 480
53 140
167 384
98 220
93 237
136 312
90 227
192 451
181 497
138 334
75 183
113 288
82 190
77 188
94 251
124 322
138 351
105 267
117 286
118 303
191 453
95 239
123 289
130 315
106 259
71 163
70 166
141 384
179 474
121 326
104 234
123 276
130 308
54 136
123 279
128 300
157 361
187 472
78 175
50 117
77 180
190 441
62 167
97 259
160 380
90 243
83 228
93 255
148 407
66 181
85 199
123 313
118 321
139 323
177 402
172 460
130 315
189 458
138 331
75 180
181 470
87 239
150 408
56 137
175 398
70 157
79 209
156 351
56 128
126 296
110 275
