100 7300
71 181
57 141
186 492
145 398
136 343
114 282
196 534
71 186
82 192
67 165
91 241
69 172
156 429
69 174
171 444
87 239
110 280
50 132
174 439
122 274
82 223
130 302
134 324
192 436
113 290
126 343
114 307
170 386
95 247
152 383
170 420
175 463
88 211
171 444
129 351
67 159
113 299
117 318
50 116
153 416
179 478
130 302
185 448
110 266
79 197
98 247
50 128
146 328
103 234
104 275
127 333
108 261
87 221
137 308
80 198
78 206
196 539
101 272
59 148
127 301
72 198
70 178
97 218
170 433
86 212
177 482
90 234
108 259
98 267
97 252
57 129
125 334
106 251
178 422
163 444
196 519
181 429
140 378
162 417
189 486
133 302
104 286
184 478
183 503
152 368
86 225
94 230
122 301
101 260
169 392
189 453
154 346
146 350
72 198
56 135
129 312
199 457
90 220
111 274
127 320
