75 5350
189 458
177 469
166 394
171 444
67 154
112 302
160 404
83 205
138 317
143 336
151 415
63 165
55 140
155 387
193 516
59 162
91 209
182 441
123 335
69 162
200 505
84 231
101 252
74 197
110 266
197 458
195 487
125 337
129 303
180 486
174 439
188 465
145 326
140 336
70 189
142 347
62 153
122 286
187 476
125 303
75 174
158 418
161 378
73 175
102 265
108 288
180 441
188 446
61 167
124 294
149 406
120 288
73 175
118 265
151 343
165 449
150 386
131 320
195 516
195 516
173 441
187 448
65 172
191 506
137 315
149 353
146 394
163 383
84 228
113 274
198 514
110 255
125 334
192 465
106 291
