88 5250
89 244
84 231
55 136
94 213
128 348
177 438
149 391
99 237
180 431
184 455
148 333
59 134
52 117
87 217
100 225
61 157
63 154
196 534
149 391
130 347
115 281
93 246
115 287
169 464
171 440
116 287
87 219
123 295
85 218
73 187
118 286
125 290
78 185
167 438
191 434
180 423
161 374
76 188
183 475
167 434
58 139
59 137
64 161
152 387
93 255
59 132
88 237
137 356
120 282
150 412
87 215
139 371
186 474
113 288
128 320
91 236
67 167
160 372
176 431
197 453
143 336
65 149
83 222
66 161
164 373
80 200
199 472
71 181
110 250
77 202
76 195
105 246
105 252
69 181
99 254
86 202
105 270
72 185
129 348
100 272
158 367
119 267
128 332
122 283
179 451
109 256
146 361
173 462
