87 5750
177 398
96 252
116 313
103 247
178 489
93 223
54 141
112 288
120 294
193 472
159 437
97 230
163 415
108 267
146 354
52 118
182 441
111 280
119 318
53 133
167 459
188 502
154 354
88 215
98 235
163 407
98 267
104 260
83 226
76 184
57 155
128 348
63 163
151 351
126 296
134 351
52 119
107 251
87 197
107 291
125 331
147 371
66 148
124 319
162 441
70 176
188 493
191 506
69 163
199 482
68 163
104 286
82 200
165 441
138 320
54 132
112 308
200 495
146 394
151 347
193 443
155 368
138 317
113 265
65 149
80 206
186 446
194 465
84 218
84 214
50 120
53 141
90 225
151 396
137 363
77 182
59 147
177 438
143 346
169 447
59 160
57 135
51 133
123 292
174 408
70 183
154 415
