72 4150
157 400
60 162
62 167
88 211
185 453
175 446
79 195
129 332
117 301
100 255
171 440
152 361
140 381
165 391
75 174
120 297
78 185
171 461
132 353
165 408
84 197
137 369
136 340
68 178
72 196
50 126
73 197
155 371
194 494
190 513
68 166
194 451
63 163
95 220
62 150
56 144
84 201
170 382
194 465
132 333
77 188
180 477
68 170
54 126
148 355
157 416
117 286
91 236
177 433
111 294
187 434
94 253
156 405
76 172
51 131
75 181
79 183
95 256
109 258
176 440
178 480
74 197
90 215
107 286
195 531
100 235
188 451
170 420
71 172
191 434
144 370
143 343
