instance,avg_time,avg_cost,#_vehicles,best_cost
C101_co_25.txt,0.004119,199.800000,3,199.800000
C102_co_25.txt,0.005611,143.566667,3,143.500000
C103_co_25.txt,0.004648,203.900000,3,203.900000
C104_co_25.txt,0.005175,187.060000,3,182.100000
C105_co_25.txt,0.004540,206.900000,3,206.900000
C106_co_25.txt,0.005561,208.800000,3,208.800000
C107_co_25.txt,0.004674,206.900000,3,206.900000
C108_co_25.txt,0.004087,155.300000,3,155.300000
C109_co_25.txt,0.005136,140.966667,3,140.500000
C201_co_25.txt,0.004856,195.500000,2,195.500000
C202_co_25.txt,0.002420,119.600000,1,119.600000
C203_co_25.txt,0.003356,146.400000,1,146.400000
C204_co_25.txt,0.004021,145.900000,1,145.900000
C205_co_25.txt,0.004418,168.200000,2,168.200000
C206_co_25.txt,0.004449,171.300000,2,171.300000
C207_co_25.txt,0.004242,121.300000,1,121.300000
C208_co_25.txt,0.004145,162.200000,1,162.200000
R101_co_25.txt,0.003379,178.600000,2,178.600000
R102_co_25.txt,0.003028,187.800000,2,187.800000
R103_co_25.txt,0.002713,197.600000,2,197.600000
R104_co_25.txt,0.005524,238.900000,3,238.900000
R105_co_25.txt,0.002954,194.100000,2,194.100000
R106_co_25.txt,0.003975,177.000000,2,177.000000
R107_co_25.txt,0.005114,238.900000,3,238.900000
R108_co_25.txt,0.004764,251.200000,2,250.800000
R109_co_25.txt,0.004373,260.700000,3,260.700000
R110_co_25.txt,0.005498,239.200000,3,239.200000
R111_co_25.txt,0.004055,245.300000,2,245.300000
R112_co_25.txt,0.003186,185.600000,2,185.600000
R201_co_25.txt,0.004323,304.700000,3,304.700000
R202_co_25.txt,0.005339,257.800000,2,257.800000
R203_co_25.txt,0.004282,185.600000,2,185.600000
R204_co_25.txt,0.003585,154.200000,1,154.200000
R205_co_25.txt,0.005309,219.100000,1,219.100000
R206_co_25.txt,0.003856,195.800000,1,195.800000
R207_co_25.txt,0.003510,197.900000,1,197.900000
R208_co_25.txt,0.002675,163.800000,1,163.800000
R209_co_25.txt,0.004184,232.600000,1,232.600000
R210_co_25.txt,0.004377,279.100000,2,279.100000
R211_co_25.txt,0.002937,131.500000,1,131.500000
RC101_co_25.txt,0.004021,332.600000,3,332.600000
RC102_co_25.txt,0.003956,297.900000,3,297.900000
RC103_co_25.txt,0.003333,243.800000,3,243.800000
RC104_co_25.txt,0.004677,309.640000,3,309.400000
RC105_co_25.txt,0.003015,309.700000,3,309.700000
RC106_co_25.txt,0.004609,279.880000,4,279.100000
RC107_co_25.txt,0.005026,299.900000,3,299.900000
RC108_co_25.txt,0.003689,275.700000,3,275.700000
RC201_co_25.txt,0.005549,270.206667,2,270.200000
RC202_co_25.txt,0.006053,293.900000,3,293.900000
RC203_co_25.txt,0.003588,208.000000,1,208.000000
RC204_co_25.txt,0.002733,175.700000,1,175.700000
RC205_co_25.txt,0.005069,283.200000,3,283.200000
RC206_co_25.txt,0.005038,246.700000,2,246.700000
RC207_co_25.txt,0.004416,250.500000,2,250.500000
RC208_co_25.txt,0.003417,182.300000,1,182.300000
C101_co_50.txt,0.052276,371.760000,5,366.800000
C102_co_50.txt,0.049824,357.303333,5,351.200000
C103_co_50.txt,0.039795,313.103333,5,306.900000
C104_co_50.txt,0.047594,343.270000,5,341.700000
C105_co_50.txt,0.043580,369.473333,5,349.500000
C106_co_50.txt,0.038242,327.386667,5,321.900000
C107_co_50.txt,0.039015,329.730000,5,327.300000
C108_co_50.txt,0.041324,338.730000,5,338.500000
C109_co_50.txt,0.050912,330.026667,5,329.000000
C201_co_50.txt,0.032396,282.200000,2,282.200000
C202_co_50.txt,0.026805,227.600000,2,227.600000
C203_co_50.txt,0.023601,257.800000,2,257.800000
C204_co_50.txt,0.047951,274.423333,2,274.400000
C205_co_50.txt,0.023130,266.100000,2,266.100000
C206_co_50.txt,0.024565,234.600000,2,234.600000
C207_co_50.txt,0.040709,288.703333,2,288.700000
C208_co_50.txt,0.036120,285.300000,2,285.300000
R101_co_50.txt,0.033437,449.400000,5,449.400000
R102_co_50.txt,0.046303,422.910000,5,422.900000
R103_co_50.txt,0.035106,318.260000,4,316.600000
R104_co_50.txt,0.044278,378.603333,4,377.800000
R105_co_50.txt,0.031342,413.500000,5,413.500000
R106_co_50.txt,0.035107,449.346667,5,447.900000
R107_co_50.txt,0.048589,389.163333,5,388.700000
R108_co_50.txt,0.061954,444.053333,4,426.500000
R109_co_50.txt,0.053885,479.640000,4,475.300000
R110_co_50.txt,0.038104,396.253333,4,396.100000
R111_co_50.txt,0.031247,358.100000,4,358.100000
R112_co_50.txt,0.032507,371.690000,4,367.800000
R201_co_50.txt,0.046275,409.200000,4,409.200000
R202_co_50.txt,0.026733,320.120000,2,320.100000
R203_co_50.txt,0.034919,307.700000,3,307.700000
R204_co_50.txt,0.030514,297.100000,2,297.100000
R205_co_50.txt,0.046882,352.700000,4,352.700000
R206_co_50.txt,0.042109,383.800000,2,383.800000
R207_co_50.txt,0.039563,312.700000,2,312.700000
R208_co_50.txt,0.033881,247.200000,1,247.200000
R209_co_50.txt,0.042838,359.063333,2,358.600000
R210_co_50.txt,0.046085,319.000000,2,319.000000
R211_co_50.txt,0.054378,332.066667,2,329.400000
RC101_co_50.txt,0.037901,628.243333,5,627.700000
RC102_co_50.txt,0.042874,538.300000,5,538.300000
RC103_co_50.txt,0.025984,468.300000,5,468.300000
RC104_co_50.txt,0.038347,546.100000,5,546.100000
RC105_co_50.txt,0.035687,583.626667,6,578.300000
RC106_co_50.txt,0.037187,556.773333,5,555.600000
RC107_co_50.txt,0.037582,578.800000,5,578.800000
RC108_co_50.txt,0.034345,532.800000,5,532.800000
RC201_co_50.txt,0.041120,538.500000,4,538.500000
RC202_co_50.txt,0.029339,412.600000,3,412.600000
RC203_co_50.txt,0.042859,415.233333,3,415.000000
RC204_co_50.txt,0.028550,332.300000,1,332.300000
RC205_co_50.txt,0.039837,440.800000,4,440.800000
RC206_co_50.txt,0.045004,470.253333,3,470.200000
RC207_co_50.txt,0.027522,352.500000,1,352.500000
RC208_co_50.txt,0.021144,243.700000,1,243.700000
C101_co_100.txt,0.476748,811.903333,10,797.100000
C102_co_100.txt,0.674667,945.220000,10,929.500000
C103_co_100.txt,0.524387,840.683333,10,833.300000
C104_co_100.txt,0.454915,695.173333,10,688.200000
C105_co_100.txt,0.531489,948.460000,10,931.100000
C106_co_100.txt,0.643804,874.200000,10,863.800000
C107_co_100.txt,0.716950,974.246667,10,960.600000
C108_co_100.txt,0.392770,777.873333,10,768.800000
C109_co_100.txt,0.585081,788.870000,10,783.900000
C201_co_100.txt,0.380547,511.800000,3,511.800000
C202_co_100.txt,0.269111,475.773333,3,471.800000
C203_co_100.txt,0.362217,479.030000,3,478.400000
C204_co_100.txt,0.465937,490.906667,3,488.100000
C205_co_100.txt,0.230968,429.500000,3,429.500000
C206_co_100.txt,0.512213,579.456667,3,574.200000
C207_co_100.txt,0.373269,460.993333,3,460.700000
C208_co_100.txt,0.421242,514.070000,3,505.200000
R101_co_100.txt,0.476512,756.243333,10,753.500000
R102_co_100.txt,0.528471,687.470000,8,683.600000
R103_co_100.txt,0.630113,727.143333,9,723.600000
R104_co_100.txt,0.552429,656.363333,8,646.400000
R105_co_100.txt,0.421142,708.526667,8,702.400000
R106_co_100.txt,0.429966,648.970000,8,630.400000
R107_co_100.txt,0.490196,689.573333,8,672.300000
R108_co_100.txt,0.358388,528.640000,8,527.800000
R109_co_100.txt,0.479528,657.093333,8,649.300000
R110_co_100.txt,0.471971,646.946667,8,642.900000
R111_co_100.txt,0.500485,709.333333,8,706.400000
R112_co_100.txt,0.580292,688.776667,8,676.000000
R201_co_100.txt,0.579064,679.743333,5,678.100000
R202_co_100.txt,0.386113,591.040000,4,588.100000
R203_co_100.txt,0.501964,549.760000,4,549.000000
R204_co_100.txt,0.376231,383.300000,2,383.300000
R205_co_100.txt,0.406393,478.500000,3,478.500000
R206_co_100.txt,0.443632,519.650000,3,516.800000
R207_co_100.txt,0.442431,474.200000,2,473.700000
R208_co_100.txt,0.309793,354.500000,2,354.500000
R209_co_100.txt,0.438568,434.350000,3,432.300000
R210_co_100.txt,0.496379,547.303333,5,546.100000
R211_co_100.txt,0.457470,433.840000,3,426.000000
RC101_co_100.txt,0.514563,981.856667,10,968.600000
RC102_co_100.txt,0.472414,926.733333,9,912.500000
RC103_co_100.txt,0.526391,995.806667,9,976.000000
RC104_co_100.txt,0.526287,858.350000,9,839.500000
RC105_co_100.txt,0.672686,1029.283333,10,1010.100000
RC106_co_100.txt,0.320057,804.056667,9,803.800000
RC107_co_100.txt,0.399506,807.550000,9,802.800000
RC108_co_100.txt,0.574573,944.720000,9,927.100000
RC201_co_100.txt,0.365069,697.600000,5,697.600000
RC202_co_100.txt,0.491547,585.700000,5,585.100000
RC203_co_100.txt,0.459728,635.700000,3,635.700000
RC204_co_100.txt,0.406632,482.580000,2,481.800000
RC205_co_100.txt,0.549610,743.960000,5,743.700000
RC206_co_100.txt,0.386471,554.633333,4,553.600000
RC207_co_100.txt,0.649887,595.130000,4,592.900000
RC208_co_100.txt,0.415551,496.890000,2,496.200000
