50 3
25 200
10
30
10
10
10
20
20
20
10
10
10
20
30
10
40
40
20
20
10
10
20
20
10
10
40
10
10
20
10
10
20
30
40
20
10
10
20
30
20
10
10
20
10
10
10
30
10
10
10
10
40 50 0 1236 0 0
45 68 0 1127 90 1
45 70 0 1125 90 1
42 66 0 1129 90 3
42 68 727 782 90 1
42 65 0 1130 90 2
40 69 621 702 90 3
40 66 0 1130 90 1
38 68 255 324 90 2
38 70 534 605 90 3
35 66 357 410 90 1
35 69 448 505 90 2
25 85 0 1107 90 2
22 75 30 92 90 3
22 85 0 1106 90 3
20 80 384 429 90 2
20 85 0 1105 90 3
18 75 99 148 90 1
15 75 0 1110 90 3
15 80 0 1106 90 2
30 50 0 1136 90 2
30 52 0 1135 90 2
28 52 812 883 90 2
28 55 732 777 90 2
25 50 0 1131 90 3
25 52 169 224 90 2
25 55 0 1130 90 1
23 52 261 316 90 3
23 55 0 1128 90 2
20 50 0 1126 90 3
20 55 449 504 90 1
10 35 0 1112 90 1
10 40 0 1114 90 3
8 40 87 158 90 1
8 45 0 1113 90 1
5 35 283 344 90 2
5 45 665 716 90 3
2 40 0 1106 90 2
0 40 479 522 90 1
0 45 567 624 90 3
35 30 264 321 90 2
35 32 166 235 90 2
33 32 68 149 90 1
33 35 0 1129 90 1
32 30 359 412 90 3
30 30 541 600 90 3
30 32 0 1125 90 1
30 35 0 1127 90 1
28 30 0 1122 90 2
28 35 1001 1066 90 3
26 32 0 1123 90 1
39 49 0 1236 45 4
25 47 0 1236 45 4
20 70 0 1236 45 4
0 0 0
0 0 0
1 0 0
0 0 0
1 0 0
1 0 0
0 0 0
0 0 1
0 0 1
0 0 0
0 0 1
0 0 1
0 0 1
0 0 1
0 0 1
0 0 1
0 0 0
0 0 1
0 0 1
0 1 0
0 1 0
0 1 0
0 1 0
0 1 0
0 1 0
0 0 0
0 1 0
0 1 0
0 1 0
0 0 0
0 0 0
0 1 0
0 0 0
0 0 0
0 1 0
0 1 0
0 1 0
0 0 0
0 1 0
1 0 0
1 0 0
0 0 0
0 0 0
0 1 0
0 1 0
0 0 0
0 0 0
0 1 0
0 1 0
0 0 0
