50 3
25 200
10
30
10
10
10
20
20
20
10
10
10
20
30
10
40
40
20
20
10
10
20
20
10
10
40
10
10
20
10
10
20
30
40
20
10
10
20
30
20
10
10
20
10
10
10
30
10
10
10
10
40 50 0 1236 0 0
45 68 885 994 90 2
45 70 802 893 90 1
42 66 25 186 90 1
42 68 699 810 90 1
42 65 15 120 90 3
40 69 580 743 90 3
40 66 142 253 90 1
38 68 220 359 90 3
38 70 499 640 90 3
35 66 331 436 90 2
35 69 420 533 90 1
25 85 617 756 90 3
22 75 30 155 90 3
22 85 541 646 90 1
20 80 362 451 90 2
20 85 448 555 90 2
18 75 75 172 90 1
15 75 142 291 90 3
15 80 244 379 90 3
30 50 10 137 90 1
30 52 888 991 90 2
28 52 776 919 90 3
28 55 709 800 90 1
25 50 25 184 90 3
25 52 142 251 90 1
25 55 582 741 90 1
23 52 234 343 90 1
23 55 523 616 90 2
20 50 335 428 90 3
20 55 422 531 90 3
10 35 181 256 90 3
10 40 31 170 90 2
8 40 52 193 90 1
8 45 719 848 90 3
5 35 252 375 90 2
5 45 639 742 90 3
2 40 357 460 90 1
0 40 457 544 90 1
0 45 538 653 90 2
35 30 236 349 90 2
35 32 132 269 90 1
33 32 27 190 90 3
33 35 16 144 90 3
32 30 332 439 90 1
30 30 512 629 90 2
30 32 417 540 90 1
30 35 982 1127 90 1
28 30 601 724 90 3
28 35 969 1098 90 3
26 32 783 912 90 3
10 54 0 1236 45 4
22 40 0 1236 45 4
35 85 0 1236 45 4
0 0 1
0 0 0
0 0 0
0 0 0
0 0 1
0 0 1
0 0 0
0 0 1
0 0 1
0 0 1
0 0 0
0 0 1
0 0 1
0 0 0
0 0 1
0 0 1
0 0 0
1 0 0
0 0 1
0 0 0
0 1 0
0 1 0
0 0 0
0 1 0
0 0 0
0 0 0
0 0 0
1 0 0
0 1 0
1 0 0
0 1 0
0 1 0
0 0 0
1 0 0
0 1 0
1 0 0
0 0 0
0 0 0
1 0 0
0 1 0
0 0 0
0 1 0
0 1 0
0 0 0
0 1 0
0 0 0
0 0 0
0 1 0
0 1 0
0 1 0
