50 3
25 200
10
30
10
10
10
20
20
20
10
10
10
20
30
10
40
40
20
20
10
10
20
20
10
10
40
10
10
20
10
10
20
30
40
20
10
10
20
30
20
10
10
20
10
10
10
30
10
10
10
10
40 50 0 1236 0 0
45 68 890 989 90 1
45 70 816 879 90 1
42 66 55 156 90 3
42 68 703 806 90 1
42 65 15 60 90 3
40 69 559 764 90 3
40 66 172 223 90 3
38 68 250 329 90 3
38 70 489 650 90 1
35 66 361 406 90 3
35 69 450 503 90 1
25 85 647 726 90 1
22 75 30 95 90 3
22 85 571 616 90 2
20 80 392 421 90 2
20 85 478 525 90 3
18 75 105 142 90 1
15 75 172 261 90 3
15 80 274 349 90 2
30 50 10 77 90 1
30 52 918 961 90 1
28 52 806 889 90 2
28 55 739 770 90 1
25 50 55 154 90 1
25 52 172 221 90 3
25 55 612 711 90 2
23 52 264 313 90 2
23 55 553 586 90 1
20 50 365 398 90 2
20 55 452 501 90 2
10 35 204 233 90 2
10 40 31 189 90 3
8 40 42 203 90 2
8 45 715 852 90 2
5 35 251 376 90 3
5 45 648 733 90 2
2 40 365 452 90 2
0 40 474 527 90 2
0 45 541 650 90 1
35 30 240 345 90 3
35 32 123 278 90 1
33 32 19 225 90 2
33 35 16 153 90 3
32 30 338 433 90 2
30 30 513 628 90 3
30 32 415 542 90 2
30 35 872 1127 90 2
28 30 599 726 90 3
28 35 917 1126 90 2
26 32 779 916 90 2
13 46 0 1236 5 4
15 75 0 1236 5 4
29 45 0 1236 5 4
0 0 0
0 0 0
0 0 1
0 0 0
0 0 1
0 1 0
0 0 1
0 1 0
0 0 0
0 0 1
0 0 0
0 0 0
0 1 0
0 1 0
0 1 0
0 1 0
0 0 0
0 1 0
0 1 0
0 0 0
0 0 0
0 0 1
0 0 0
0 0 0
0 0 1
0 0 1
0 0 1
0 0 0
1 0 0
1 0 0
1 0 0
1 0 0
1 0 0
1 0 0
1 0 0
1 0 0
1 0 0
1 0 0
0 0 0
0 0 1
0 0 0
0 0 1
0 0 1
0 0 1
0 0 1
0 0 1
0 0 1
0 0 1
0 0 1
0 0 1
