50 3
25 200
10
30
10
10
10
20
20
20
10
10
10
20
30
10
40
40
20
20
10
10
20
20
10
10
40
10
10
20
10
10
20
30
40
20
10
10
20
30
20
10
10
20
10
10
10
30
10
10
10
10
40 50 0 1236 0 0
45 68 850 1030 90 3
45 70 758 938 90 2
42 66 16 196 90 1
42 68 665 845 90 1
42 65 15 195 90 1
40 69 572 752 90 2
40 66 108 288 90 1
38 68 200 380 90 3
38 70 480 660 90 3
35 66 294 474 90 2
35 69 387 567 90 3
25 85 597 777 90 3
22 75 30 210 90 1
22 85 504 684 90 1
20 80 317 497 90 3
20 85 412 592 90 2
18 75 34 214 90 1
15 75 127 307 90 1
15 80 222 402 90 1
30 50 10 190 90 2
30 52 850 1030 90 2
28 52 758 938 90 1
28 55 665 845 90 2
25 50 15 195 90 2
25 52 107 287 90 3
25 55 572 752 90 3
23 52 199 379 90 2
23 55 480 660 90 2
20 50 292 472 90 3
20 55 387 567 90 3
10 35 129 309 90 1
10 40 31 211 90 2
8 40 33 213 90 2
8 45 694 874 90 1
5 35 224 404 90 1
5 45 601 781 90 3
2 40 319 499 90 1
0 40 411 591 90 2
0 45 506 686 90 2
35 30 203 383 90 1
35 32 111 291 90 2
33 32 19 199 90 1
33 35 16 196 90 1
32 30 296 476 90 1
30 30 481 661 90 3
30 32 389 569 90 1
30 35 947 1127 90 1
28 30 573 753 90 3
28 35 944 1124 90 3
26 32 758 938 90 3
36 37 0 1236 5 4
36 85 0 1236 5 4
35 81 0 1236 5 4
0 0 1
0 0 1
0 0 0
0 0 0
0 0 0
0 0 1
0 0 0
0 0 1
0 0 1
0 0 1
0 0 1
0 0 1
0 0 0
0 0 0
0 0 1
0 0 1
0 0 0
0 0 0
0 0 0
1 0 0
1 0 0
0 0 0
1 0 0
1 0 0
1 0 0
1 0 0
1 0 0
1 0 0
1 0 0
1 0 0
0 0 0
1 0 0
1 0 0
0 0 0
0 0 0
1 0 0
0 0 0
1 0 0
1 0 0
0 0 0
1 0 0
0 0 0
0 0 0
0 0 0
1 0 0
0 0 0
0 0 0
1 0 0
1 0 0
1 0 0
