50 3
25 200
10
30
10
10
10
20
20
20
10
10
10
20
30
10
40
40
20
20
10
10
20
20
10
10
40
10
10
20
10
10
20
30
40
20
10
10
20
30
20
10
10
20
10
10
10
30
10
10
10
10
40 50 0 1236 0 0
45 68 760 1120 90 3
45 70 668 1028 90 3
42 66 16 376 90 2
42 68 575 935 90 3
42 65 15 375 90 1
40 69 482 842 90 3
40 66 18 378 90 3
38 68 110 470 90 3
38 70 390 750 90 1
35 66 204 564 90 3
35 69 297 657 90 2
25 85 507 867 90 3
22 75 30 390 90 1
22 85 414 774 90 2
20 80 227 587 90 3
20 85 322 682 90 1
18 75 33 393 90 1
15 75 37 397 90 1
15 80 132 492 90 3
30 50 10 370 90 2
30 52 760 1120 90 1
28 52 668 1028 90 3
28 55 575 935 90 2
25 50 15 375 90 3
25 52 17 377 90 1
25 55 482 842 90 1
23 52 109 469 90 1
23 55 390 750 90 2
20 50 202 562 90 3
20 55 297 657 90 1
10 35 39 399 90 3
10 40 31 391 90 2
8 40 33 393 90 1
8 45 604 964 90 3
5 35 134 494 90 1
5 45 511 871 90 3
2 40 229 589 90 3
0 40 321 681 90 3
0 45 416 776 90 1
35 30 113 473 90 2
35 32 21 381 90 1
33 32 19 379 90 3
33 35 16 376 90 1
32 30 206 566 90 2
30 30 391 751 90 1
30 32 299 659 90 3
30 35 767 1127 90 1
28 30 483 843 90 1
28 35 766 1126 90 1
26 32 668 1028 90 1
27 38 0 1236 5 4
5 83 0 1236 5 4
34 52 0 1236 5 4
0 0 1
0 0 1
0 0 1
0 0 1
0 0 0
0 0 1
0 0 1
0 0 1
0 0 0
0 0 1
0 0 1
0 1 0
0 0 0
0 1 0
0 1 0
0 0 0
0 0 0
0 0 0
0 1 0
0 0 1
0 0 0
0 0 1
0 0 1
0 0 1
0 0 0
0 0 0
0 0 0
0 0 1
1 0 0
0 0 0
1 0 0
1 0 0
0 0 0
1 0 0
0 0 0
1 0 0
1 0 0
1 0 0
0 0 0
1 0 0
0 0 0
1 0 0
0 0 0
1 0 0
0 0 0
1 0 0
0 0 0
0 0 0
0 0 0
0 0 0
