50 3
25 700
10
30
10
10
10
20
20
20
10
10
10
20
30
10
40
40
20
20
10
10
20
20
10
10
40
10
10
20
10
10
20
30
40
20
10
10
20
30
20
10
10
20
10
10
10
30
10
10
10
10
40 50 0 3390 0 0
52 75 311 471 90 3
45 70 213 373 90 1
62 69 1167 1327 90 3
60 66 1261 1421 90 2
42 65 25 185 90 3
16 42 497 657 90 3
58 70 1073 1233 90 1
34 60 2887 3047 90 1
28 70 2601 2761 90 3
35 66 2791 2951 90 1
35 69 2698 2858 90 3
25 85 2119 2279 90 2
22 75 2405 2565 90 3
22 85 2026 2186 90 2
20 80 2216 2376 90 3
20 85 1934 2094 90 3
18 75 2311 2471 90 2
15 75 1742 1902 90 2
15 80 1837 1997 90 1
30 50 10 170 90 1
30 56 2983 3143 90 2
28 52 22 182 90 1
14 66 1643 1803 90 1
25 50 116 276 90 3
22 66 2504 2664 90 1
8 62 1545 1705 90 1
23 52 209 369 90 1
4 55 1447 1607 90 3
20 50 398 558 90 1
20 55 303 463 90 2
10 35 781 941 90 3
10 40 593 753 90 3
8 40 685 845 90 2
8 45 1346 1506 90 2
5 35 876 1036 90 2
5 45 1253 1413 90 2
2 40 971 1131 90 2
0 40 1063 1223 90 1
0 45 1158 1318 90 1
36 18 1819 1979 90 1
35 32 2758 2918 90 2
33 32 2666 2826 90 2
33 35 2573 2733 90 3
32 20 1913 2073 90 2
30 30 2105 2265 90 1
34 25 2009 2169 90 3
30 35 2480 2640 90 3
36 40 2856 3016 90 2
48 20 967 1127 90 2
26 32 2292 2452 90 3
49 60 0 3390 45 4
17 26 0 3390 45 4
53 69 0 3390 45 4
0 0 1
0 0 0
0 0 1
0 0 1
1 0 0
0 1 0
0 0 0
0 0 0
1 0 0
0 0 0
1 0 0
0 0 1
1 0 0
0 0 1
0 0 1
0 0 1
1 0 0
1 0 0
0 0 0
0 0 0
1 0 0
0 0 0
0 0 0
0 1 0
0 0 0
0 0 0
0 0 0
0 1 0
0 0 0
0 1 0
0 1 0
0 1 0
0 1 0
0 1 0
0 1 0
0 1 0
0 1 0
0 0 0
0 0 0
0 0 0
0 1 0
0 1 0
0 1 0
0 1 0
0 0 0
0 1 0
0 1 0
0 1 0
0 1 0
0 1 0
