50 3
25 700
10
30
10
10
10
20
20
20
10
10
10
20
30
10
40
40
20
20
10
10
20
20
10
10
40
10
10
20
10
10
20
30
40
20
10
10
20
30
20
10
10
20
10
10
10
30
10
10
10
10
40 50 0 3390 0 0
52 75 0 3272 90 1
45 70 0 3279 90 3
62 69 0 3270 90 1
60 66 1261 1421 90 1
42 65 0 3284 90 2
16 42 497 657 90 1
58 70 0 3273 90 2
34 60 2887 3047 90 2
28 70 2601 2761 90 2
35 66 2791 2951 90 3
35 69 2698 2858 90 2
25 85 0 3261 90 2
22 75 2405 2565 90 3
22 85 0 3260 90 3
20 80 2216 2376 90 2
20 85 0 3259 90 3
18 75 2311 2471 90 1
15 75 0 3264 90 2
15 80 0 3260 90 3
30 50 0 3290 90 2
30 56 0 3288 90 1
28 52 22 182 90 1
14 66 1643 1803 90 1
25 50 0 3285 90 2
22 66 2504 2664 90 2
8 62 0 3265 90 1
23 52 209 369 90 1
4 55 0 3263 90 2
20 50 0 3280 90 3
20 55 303 463 90 3
10 35 0 3266 90 2
10 40 0 3268 90 3
8 40 685 845 90 2
8 45 0 3267 90 3
5 35 876 1036 90 3
5 45 1253 1413 90 2
2 40 0 3260 90 2
0 40 1063 1223 90 1
0 45 1158 1318 90 3
36 18 1819 1979 90 2
35 32 2758 2918 90 2
33 32 2666 2826 90 2
33 35 0 3283 90 2
32 20 1913 2073 90 3
30 30 2105 2265 90 3
34 25 0 3274 90 2
30 35 0 3281 90 1
36 40 0 3289 90 1
48 20 967 1127 90 2
26 32 0 3277 90 1
34 36 0 3390 5 4
62 32 0 3390 5 4
12 39 0 3390 5 4
0 0 0
1 0 0
0 0 0
0 0 0
1 0 0
0 0 0
0 1 0
1 0 0
1 0 0
1 0 0
1 0 0
0 0 1
0 0 1
0 0 1
0 0 1
0 0 1
0 0 0
0 0 1
0 0 1
1 0 0
0 0 0
0 0 0
0 0 0
1 0 0
0 0 1
0 0 0
0 0 0
0 0 1
0 0 1
0 0 1
0 0 1
0 0 1
0 0 1
0 0 1
0 0 1
0 0 1
0 0 1
0 0 0
0 0 1
1 0 0
1 0 0
1 0 0
1 0 0
1 0 0
1 0 0
1 0 0
0 0 0
0 0 0
0 1 0
0 0 0
