50 3
25 200
10
7
13
19
26
3
5
9
16
16
12
19
23
20
8
19
2
12
17
9
11
18
29
3
6
17
16
16
9
21
27
23
11
14
8
5
8
16
31
9
5
5
7
18
16
1
27
36
30
13
35 35 0 230 0 0
41 49 0 204 10 1
35 17 0 202 10 1
55 45 0 197 10 2
55 20 139 169 10 3
15 30 0 199 10 1
25 30 0 208 10 1
20 50 0 198 10 2
10 43 85 115 10 2
55 60 87 117 10 1
30 60 0 194 10 1
20 65 57 87 10 3
50 35 0 205 10 1
30 25 149 179 10 1
15 10 0 187 10 1
30 5 51 81 10 3
10 20 0 190 10 1
5 30 0 189 10 1
20 40 0 204 10 1
15 60 0 187 10 2
45 65 0 188 10 3
45 20 0 201 10 2
45 10 0 193 10 2
55 5 58 88 10 3
65 35 0 190 10 3
65 20 156 186 10 2
45 30 0 208 10 3
35 40 0 215 10 3
41 37 0 213 10 2
64 42 0 190 10 1
40 60 0 194 10 1
31 52 0 202 10 2
35 69 0 186 10 3
53 52 0 195 10 2
65 55 0 183 10 1
63 65 0 178 10 2
2 60 0 178 10 1
20 20 0 198 10 3
5 5 73 103 10 3
60 12 0 186 10 2
40 25 0 208 10 3
42 7 0 191 10 1
24 12 0 194 10 3
23 3 0 185 10 2
11 14 59 89 10 3
6 38 0 190 10 2
2 48 0 184 10 1
8 56 0 185 10 1
13 52 0 192 10 2
6 68 0 176 10 1
47 47 0 203 10 2
54 62 0 230 5 4
59 67 0 230 5 4
65 26 0 230 5 4
0 0 0
0 0 0
1 0 0
0 0 1
0 0 0
0 0 0
1 0 0
1 0 0
0 0 0
0 0 0
1 0 0
0 0 0
0 0 0
0 0 0
0 0 1
0 0 0
0 0 0
0 0 0
1 0 0
1 0 0
0 0 1
0 0 1
0 0 1
0 0 1
0 0 1
0 0 1
1 0 0
0 0 1
0 0 0
0 0 0
1 0 0
1 0 0
1 0 0
0 0 0
0 1 0
0 0 0
0 0 1
0 0 1
0 0 1
0 0 1
0 0 0
0 0 1
0 0 1
0 0 1
1 0 0
0 0 0
0 0 0
1 0 0
0 0 0
1 0 0
