50 3
25 1000
10
7
13
19
26
3
5
9
16
16
12
19
23
20
8
19
2
12
17
9
11
18
29
3
6
17
16
16
9
21
27
23
11
14
8
5
8
16
31
9
5
5
7
18
16
1
27
36
30
13
35 35 0 1000 0 0
41 49 0 974 10 2
35 17 0 972 10 2
55 45 0 967 10 1
55 20 678 801 10 2
15 30 0 969 10 3
25 30 415 514 10 1
20 50 0 968 10 2
10 43 404 481 10 3
55 60 400 497 10 2
30 60 577 632 10 2
20 65 206 325 10 3
50 35 0 975 10 3
30 25 690 827 10 2
15 10 0 957 10 2
30 5 175 300 10 2
10 20 0 960 10 2
5 30 733 870 10 1
20 40 0 974 10 1
15 60 0 957 10 2
45 65 0 958 10 3
45 20 0 971 10 2
45 10 409 494 10 2
55 5 206 325 10 3
65 35 0 960 10 3
65 20 817 956 10 2
45 30 0 978 10 1
35 40 104 255 10 1
41 37 0 983 10 3
64 42 0 960 10 2
40 60 259 354 10 1
31 52 0 972 10 1
35 69 0 956 10 3
53 52 45 200 10 3
65 55 0 953 10 1
63 65 686 813 10 1
2 60 41 208 10 2
20 20 0 968 10 1
5 5 302 405 10 3
60 12 33 224 10 1
40 25 360 437 10 2
42 7 396 511 10 1
24 12 25 172 10 1
23 3 0 955 10 3
11 14 233 340 10 1
6 38 29 189 10 2
2 48 0 954 10 2
8 56 0 955 10 3
13 52 0 962 10 1
6 68 501 540 10 3
47 47 0 973 10 3
37 43 0 1000 5 4
59 11 0 1000 5 4
41 37 0 1000 5 4
1 0 0
0 0 1
0 0 0
0 1 0
1 0 0
0 0 0
1 0 0
1 0 0
1 0 0
1 0 0
1 0 0
0 0 1
0 0 1
0 0 1
0 1 0
0 0 1
0 0 0
0 0 0
1 0 0
1 0 0
0 1 0
0 1 0
0 1 0
0 0 1
0 1 0
0 0 0
0 0 0
0 0 1
0 0 1
0 0 0
0 0 0
1 0 0
1 0 0
0 0 0
0 0 0
1 0 0
0 0 0
0 0 1
0 0 0
0 0 1
0 0 0
0 0 0
0 1 0
0 0 0
1 0 0
1 0 0
1 0 0
0 0 0
1 0 0
1 0 0
