50 3
25 1000
10
7
13
19
26
3
5
9
16
16
12
19
23
20
8
19
2
12
17
9
11
18
29
3
6
17
16
16
9
21
27
23
11
14
8
5
8
16
31
9
5
5
7
18
16
1
27
36
30
13
35 35 0 1000 0 0
41 49 658 898 10 1
35 17 93 333 10 2
55 45 436 676 10 3
55 20 620 860 10 1
15 30 20 260 10 1
25 30 345 585 10 1
20 50 251 491 10 1
10 43 323 563 10 2
55 60 329 569 10 1
30 60 485 725 10 2
20 65 146 386 10 2
50 35 167 407 10 3
30 25 639 879 10 3
15 10 32 272 10 3
30 5 118 358 10 3
10 20 203 443 10 1
5 30 682 922 10 3
20 40 286 526 10 2
15 60 204 444 10 3
45 65 504 744 10 3
45 20 153 393 10 1
45 10 332 572 10 1
55 5 146 386 10 2
65 35 656 896 10 1
65 20 716 956 10 2
45 30 508 748 10 1
35 40 60 300 10 3
41 37 65 305 10 1
64 42 132 372 10 2
40 60 187 427 10 1
31 52 94 334 10 1
35 69 599 839 10 1
53 52 24 264 10 1
65 55 452 692 10 3
63 65 630 870 10 3
2 60 41 281 10 3
20 20 530 770 10 1
5 5 234 474 10 2
60 12 33 273 10 2
40 25 279 519 10 3
42 7 334 574 10 2
24 12 25 265 10 2
23 3 543 783 10 3
11 14 167 407 10 1
6 38 29 269 10 2
2 48 452 692 10 1
8 56 48 288 10 3
13 52 720 960 10 3
6 68 401 641 10 3
47 47 475 715 10 1
13 45 0 1000 5 4
56 13 0 1000 5 4
11 27 0 1000 5 4
0 0 0
0 1 0
0 1 0
0 0 0
0 0 0
0 0 0
0 0 0
1 0 0
0 0 0
1 0 0
1 0 0
0 1 0
0 0 1
0 0 1
0 1 0
0 0 0
0 0 1
1 0 0
1 0 0
1 0 0
0 0 0
0 0 0
0 1 0
0 0 0
0 1 0
0 0 0
1 0 0
0 0 0
0 1 0
0 0 0
0 0 0
0 0 0
0 0 0
0 1 0
0 1 0
1 0 0
0 0 0
0 0 1
0 1 0
0 1 0
0 1 0
0 0 1
0 0 1
0 0 0
1 0 0
0 0 0
1 0 0
1 0 0
1 0 0
0 0 0
