50 3
25 1000
10
7
13
19
26
3
5
9
16
16
12
19
23
20
8
19
2
12
17
9
11
18
29
3
6
17
16
16
9
21
27
23
11
14
8
5
8
16
31
9
5
5
7
18
16
1
27
36
30
13
35 35 0 1000 0 0
41 49 190 974 10 3
35 17 18 792 10 2
55 45 289 822 10 1
55 20 679 800 10 3
15 30 20 906 10 1
25 30 355 574 10 2
20 50 72 669 10 1
10 43 393 492 10 1
55 60 394 503 10 1
30 60 517 692 10 1
20 65 206 325 10 2
50 35 15 725 10 3
30 25 694 823 10 1
15 10 32 694 10 1
30 5 176 299 10 2
10 20 102 543 10 1
5 30 673 930 10 2
20 40 229 582 10 2
15 60 95 552 10 2
45 65 418 829 10 3
45 20 18 727 10 2
45 10 349 554 10 1
55 5 206 325 10 2
65 35 435 960 10 2
65 20 826 956 10 3
45 30 328 927 10 2
35 40 44 315 10 3
41 37 6 526 10 3
64 42 29 513 10 3
40 60 199 414 10 2
31 52 17 744 10 3
35 69 482 955 10 1
53 52 24 299 10 3
65 55 265 878 10 1
63 65 626 873 10 3
2 60 41 328 10 3
20 20 339 960 10 1
5 5 298 409 10 3
60 12 33 344 10 2
40 25 300 497 10 1
42 7 336 571 10 1
24 12 25 292 10 1
23 3 458 867 10 2
11 14 230 343 10 3
6 38 29 309 10 1
2 48 338 805 10 1
8 56 34 602 10 1
13 52 200 962 10 3
6 68 441 600 10 3
47 47 272 917 10 3
22 44 0 1000 5 4
46 4 0 1000 5 4
43 37 0 1000 5 4
0 0 1
0 1 0
0 0 0
0 1 0
0 0 0
1 0 0
0 0 0
0 0 0
0 0 0
0 0 0
1 0 0
0 0 1
0 0 0
0 0 0
0 1 0
0 0 0
1 0 0
1 0 0
1 0 0
0 0 1
0 1 0
0 0 0
0 1 0
0 0 1
0 1 0
0 0 1
0 0 1
0 0 1
0 0 1
0 0 1
1 0 0
0 0 0
0 0 1
0 0 0
0 0 1
1 0 0
0 0 0
0 1 0
0 1 0
0 0 0
0 0 0
0 0 0
0 1 0
1 0 0
0 0 0
0 0 0
0 0 0
1 0 0
1 0 0
0 0 1
