98 6400
179 416
72 176
129 338
98 262
184 436
191 439
71 175
159 405
74 166
118 289
125 334
168 428
115 267
97 247
114 259
79 211
67 164
71 165
98 220
91 204
168 382
94 249
180 459
161 434
183 480
129 354
70 192
129 309
62 164
196 534
76 182
153 386
93 213
81 198
144 331
118 312
97 232
200 500
141 348
116 319
104 280
165 453
188 427
122 329
192 523
70 164
118 303
147 389
162 380
196 470
155 364
65 152
159 433
154 346
152 406
127 339
101 275
128 304
53 143
62 155
122 298
68 171
143 350
56 154
110 286
169 418
68 164
95 225
181 434
87 197
130 334
89 231
95 242
118 274
190 479
171 406
195 458
118 280
117 295
81 208
131 298
51 140
131 324
76 191
192 451
56 140
103 249
124 341
144 370
156 366
169 443
104 247
115 290
134 301
156 390
192 432
142 362
61 141
