67 5450
91 220
135 367
115 290
112 257
172 404
172 421
67 167
83 205
193 468
123 298
79 197
171 406
108 275
68 159
56 134
120 270
120 291
88 200
86 208
185 504
156 386
137 349
171 423
151 369
59 147
94 230
71 193
193 434
196 519
185 467
138 348
173 406
179 469
174 404
67 179
173 454
190 427
119 270
88 226
99 247
169 447
140 371
67 170
92 253
99 242
155 410
187 458
176 462
83 217
100 255
145 348
122 320
166 415
51 127
137 373
197 487
52 139
93 253
191 429
62 144
192 518
100 262
59 153
104 254
176 475
68 161
84 216
