93 8300
199 537
82 192
124 303
51 132
197 541
186 418
116 284
76 201
74 181
160 392
78 200
79 177
76 207
200 465
146 343
186 497
97 230
118 318
96 254
98 252
169 418
69 189
133 352
199 502
198 480
63 162
184 418
107 262
172 404
154 377
181 479
77 198
172 455
173 432
171 414
126 315
197 517
161 370
179 438
193 530
189 425
127 323
149 387
67 165
149 361
150 348
194 533
156 358
58 136
147 400
95 218
146 354
119 279
90 225
76 171
178 409
72 194
161 422
190 503
123 329
99 245
101 255
55 141
126 324
83 186
138 317
157 372
80 190
135 313
185 425
120 294
84 214
84 207
141 334
95 258
81 200
93 241
99 225
195 463
121 305
192 528
146 365
157 427
103 280
74 183
169 392
144 360
115 296
99 259
118 306
160 368
173 415
132 336
