65 3600
181 475
120 282
192 528
123 310
111 252
72 187
105 288
108 297
136 312
164 451
135 317
78 202
105 275
164 434
64 166
178 476
121 290
193 439
120 300
167 413
98 242
165 391
93 241
104 267
74 197
187 434
154 400
70 183
140 350
198 490
120 288
158 375
177 455
196 519
184 450
150 401
84 222
79 193
183 480
176 422
148 347
184 492
110 272
87 215
144 360
50 118
184 469
124 306
55 138
95 249
177 398
96 240
99 225
143 368
145 358
58 140
79 195
116 319
148 381
70 164
58 149
66 178
152 387
138 310
66 155
