77 6400
74 201
77 180
157 419
56 147
60 142
163 444
61 146
118 277
85 199
163 378
193 511
57 153
96 254
134 348
137 376
191 458
111 260
179 407
196 450
142 333
173 432
101 277
59 146
193 525
115 310
199 502
135 320
169 418
121 275
108 286
57 148
106 291
72 185
73 184
127 292
128 320
93 237
196 499
89 229
170 467
198 524
50 132
70 171
91 234
108 245
188 474
142 347
62 153
124 337
165 412
77 184
137 349
166 406
170 420
128 291
66 155
141 324
136 357
127 288
195 453
110 286
76 178
56 151
153 420
145 366
96 256
91 234
175 415
130 292
176 440
90 207
182 473
127 320
169 409
192 446
100 262
172 399
