83 7200
183 434
50 125
184 478
184 469
176 462
115 296
193 501
63 157
141 359
83 192
86 225
111 249
161 390
127 301
167 392
128 320
168 445
150 363
89 235
86 230
150 386
164 405
103 249
58 159
156 429
103 242
194 451
60 160
177 442
157 431
177 455
198 495
60 160
100 225
172 438
144 381
70 157
178 485
122 280
50 127
165 429
134 338
75 172
94 246
117 277
131 343
92 220
181 497
56 134
123 325
101 247
177 424
155 410
166 427
122 335
66 153
116 319
170 454
107 259
75 183
155 375
57 139
50 130
92 243
169 405
183 416
92 225
58 137
177 486
95 223
64 172
139 340
175 455
154 385
167 396
114 267
168 386
192 475
175 481
176 440
133 332
198 445
161 434
