65 4300
174 395
99 262
115 276
147 349
177 455
188 507
177 473
160 412
107 280
189 500
80 194
140 350
193 516
144 396
143 378
144 388
100 255
125 306
152 368
76 174
65 175
102 257
111 294
161 362
114 302
67 164
111 277
99 225
153 359
175 402
169 388
76 207
190 451
140 343
81 220
75 181
160 380
132 359
63 173
52 118
152 376
91 238
124 294
111 302
73 191
122 329
144 356
87 224
193 487
173 449
190 465
110 258
147 349
165 408
140 336
154 411
128 342
183 475
77 184
167 379
190 470
177 415
92 207
132 323
171 406
