96 7800
66 165
121 317
94 211
133 352
184 436
126 299
81 184
55 151
189 453
56 149
61 158
77 184
145 348
153 390
191 525
57 138
164 430
115 307
198 470
70 176
68 171
96 227
181 461
150 337
199 507
130 331
141 341
99 269
192 470
72 178
154 423
125 296
78 187
150 367
111 271
147 330
184 436
155 410
130 302
98 257
131 350
109 294
131 360
194 436
134 308
184 441
72 189
156 354
98 230
192 489
103 265
162 441
131 350
160 396
76 171
118 306
178 413
200 515
186 474
94 225
78 202
75 195
125 328
175 472
162 417
107 243
125 293
89 242
97 220
76 199
53 124
155 414
133 359
172 438
59 147
172 395
142 330
71 172
75 206
78 206
55 130
159 437
100 235
132 303
149 368
81 200
123 310
67 180
196 499
180 445
102 237
165 396
81 190
60 139
119 270
56 138
