87 5050
128 313
98 237
57 129
89 235
167 409
139 323
71 161
184 492
120 285
64 166
136 370
191 472
134 311
111 258
110 286
147 356
134 318
140 364
88 242
164 401
188 437
185 444
87 208
184 446
101 227
105 259
85 199
196 441
73 164
55 138
108 286
96 218
122 298
180 427
156 429
146 346
54 132
156 358
54 143
141 359
93 223
196 465
84 210
55 130
190 451
140 315
70 182
156 429
113 302
118 324
127 307
55 125
175 415
105 280
74 166
175 476
70 161
65 169
63 171
81 208
84 218
75 180
125 312
103 239
158 414
125 337
60 139
179 429
86 223
112 291
144 363
177 477
142 340
77 180
150 382
125 343
82 194
67 160
119 303
196 455
190 513
123 289
180 463
64 147
72 165
122 280
62 150
