77 4600
121 290
121 299
149 409
181 416
79 211
163 403
80 202
131 360
196 539
101 232
75 193
65 172
50 115
55 147
135 371
128 313
97 264
75 204
124 306
62 153
83 190
169 418
193 511
151 415
82 200
73 175
102 249
103 249
164 401
98 242
188 488
111 291
114 296
121 287
54 147
182 495
118 315
191 439
161 374
184 446
112 263
183 411
166 452
87 202
168 407
92 241
114 265
200 520
51 117
55 134
149 368
131 294
90 236
51 131
159 417
130 341
76 184
187 486
65 178
174 417
175 428
181 475
138 358
176 479
164 418
104 244
116 319
179 429
104 273
136 370
152 410
115 287
188 441
176 435
92 250
99 249
69 165
