90 7100
95 223
172 455
186 455
79 201
107 291
74 194
136 340
162 445
124 341
159 357
52 128
84 214
185 504
50 122
197 453
132 313
52 119
70 176
132 330
60 145
147 393
78 196
134 301
72 183
81 208
165 375
191 467
195 497
143 343
134 328
131 304
163 436
109 283
172 447
84 205
118 274
191 463
103 267
54 140
95 235
77 204
86 232
107 246
154 400
65 177
166 439
98 247
101 265
170 437
146 343
140 367
55 125
63 144
110 247
72 198
107 270
185 467
165 396
127 314
165 420
81 192
54 121
93 209
91 238
111 294
65 164
155 418
93 213
176 431
136 370
130 299
194 480
70 171
187 467
141 373
196 465
142 330
177 451
134 341
66 160
172 421
176 400
137 363
154 381
124 282
199 497
71 170
107 246
131 324
139 368
