82 4950
93 248
181 493
162 376
174 435
135 371
191 453
188 446
192 436
182 423
64 153
176 435
193 496
168 445
64 176
54 143
157 404
176 409
159 365
159 357
112 280
145 329
155 410
154 408
167 396
155 426
139 382
116 266
85 229
98 245
103 247
74 203
60 150
115 273
114 296
120 330
125 296
79 191
70 169
147 389
102 239
154 365
120 318
135 354
56 137
164 434
125 287
95 261
185 485
106 262
156 417
140 357
57 143
112 263
152 399
164 397
56 133
76 191
140 360
105 286
55 134
62 161
136 312
81 206
155 395
83 215
136 367
91 220
180 454
150 408
98 264
134 328
144 349
101 277
91 234
139 344
121 290
93 248
129 290
141 324
88 239
129 345
189 500
