85 5400
102 277
167 384
93 237
173 471
140 374
79 187
172 404
183 416
79 177
105 236
78 200
66 174
61 161
128 297
131 343
172 408
94 227
58 149
146 394
129 319
125 303
156 413
111 274
151 366
63 162
171 401
190 446
132 349
149 409
110 297
71 195
124 288
132 300
53 139
110 258
165 424
108 286
100 255
100 240
117 289
157 408
132 306
193 443
144 345
72 189
150 352
187 495
196 499
91 227
91 250
116 266
76 180
90 207
80 187
72 192
135 337
94 244
155 375
126 289
120 288
140 322
187 472
98 269
170 442
200 535
134 324
102 247
179 443
137 342
57 153
101 272
141 359
200 495
169 464
190 503
100 270
139 354
60 151
103 267
87 215
163 391
97 218
136 343
171 406
110 261
