99 5950
54 140
73 184
162 433
73 167
109 247
148 366
180 418
148 407
126 299
93 246
143 368
80 208
52 124
82 200
99 249
118 297
194 451
188 498
172 468
198 475
184 436
89 213
84 212
195 482
118 277
94 218
190 484
115 296
121 293
168 445
60 136
90 238
108 297
97 235
110 250
172 421
112 274
82 198
102 257
81 216
193 448
114 293
197 502
149 368
111 305
85 199
85 227
102 255
76 205
146 350
72 183
148 366
171 410
77 182
84 195
158 410
92 213
104 275
103 247
165 449
58 150
167 455
104 236
100 262
166 406
178 422
195 526
98 220
75 170
181 479
121 314
114 307
87 228
183 475
143 382
67 167
62 158
161 370
135 371
136 367
170 382
106 286
126 333
173 441
50 132
179 469
67 169
148 373
97 257
90 243
154 423
162 433
61 161
166 394
94 249
72 194
167 430
130 328
108 291
