71 3800
107 248
60 165
172 408
97 247
92 232
77 209
150 367
163 419
180 441
88 226
131 320
107 278
88 204
72 178
170 416
80 200
142 358
129 322
174 439
107 280
62 139
80 194
182 468
114 293
80 220
161 366
75 185
183 498
132 297
148 370
101 257
177 411
121 332
135 324
74 179
152 395
144 374
181 457
60 138
98 220
89 231
187 448
73 195
80 218
52 118
135 351
180 436
173 436
190 437
183 411
98 254
156 378
155 368
82 194
160 404
60 147
86 219
113 285
68 178
130 295
74 196
152 391
116 298
117 318
200 485
99 269
161 406
90 215
155 348
114 273
74 183
