85 6850
84 193
127 327
63 148
191 501
169 464
59 138
88 198
57 155
141 359
85 216
108 245
154 350
160 436
60 156
156 429
85 193
179 456
63 165
147 389
111 258
76 203
192 455
51 121
108 245
181 425
148 373
170 416
70 187
122 292
71 188
107 288
58 136
187 500
70 175
159 437
160 404
114 302
62 161
116 319
140 374
107 272
168 394
154 377
114 310
95 213
95 228
67 180
101 267
106 259
87 197
147 393
72 192
196 470
97 218
114 262
106 249
158 371
168 428
108 256
138 317
172 421
168 390
82 207
151 407
136 329
158 402
95 228
84 228
129 309
102 244
176 475
124 300
196 445
102 277
130 351
112 274
64 166
188 493
73 189
91 238
121 287
111 285
136 336
60 156
114 293
