92 7600
75 193
155 414
133 352
143 357
101 247
58 142
58 137
51 122
174 421
200 530
170 420
89 238
55 134
109 272
163 366
69 188
197 462
50 133
175 398
172 442
53 129
132 346
147 393
166 381
52 132
86 227
81 204
197 458
55 137
51 124
115 287
91 238
123 332
177 398
191 467
96 218
127 320
137 328
172 430
80 182
106 267
181 447
181 420
143 343
74 179
77 182
78 196
124 294
58 155
79 179
151 358
195 516
118 274
111 280
122 298
136 350
66 148
80 192
176 409
167 384
126 283
139 333
138 348
196 504
122 314
121 287
67 159
71 170
190 513
62 158
103 278
187 458
101 257
163 370
100 232
64 156
172 399
59 137
138 317
87 237
97 220
123 292
183 457
152 349
102 270
170 416
94 244
180 450
79 189
180 463
153 344
179 407
