76 4050
55 132
145 395
130 292
172 417
194 465
136 350
122 326
82 192
129 316
168 432
163 419
192 508
107 240
140 367
115 307
171 418
93 239
96 252
135 334
180 481
88 202
70 159
165 387
171 470
151 339
125 309
148 366
95 220
110 280
144 388
181 479
137 328
135 361
121 320
196 514
108 294
66 168
190 475
122 329
130 338
77 198
150 345
179 407
80 212
114 293
87 197
199 497
178 436
178 485
74 199
124 337
133 349
83 190
63 159
191 506
109 269
121 290
171 436
155 379
98 240
192 432
104 267
168 428
190 437
140 346
131 347
81 222
132 313
109 294
199 507
60 165
103 244
52 140
77 209
176 431
65 159
