90 5100
153 386
77 179
59 153
142 351
71 193
91 227
120 315
102 242
96 237
138 351
198 480
119 324
79 217
140 332
124 322
163 436
124 291
147 371
144 367
109 267
161 366
142 323
126 324
146 390
69 165
104 265
142 362
104 262
53 135
133 365
82 202
146 361
76 201
51 124
93 237
173 410
164 401
157 376
154 346
119 291
97 235
67 184
77 190
121 290
191 506
149 342
152 372
116 295
141 363
113 299
132 349
194 494
159 429
193 496
59 146
79 211
137 363
114 282
192 499
160 428
68 178
64 172
125 318
64 161
111 294
65 160
179 451
50 122
92 227
117 307
110 283
59 146
144 367
135 344
157 408
51 137
133 322
159 429
118 289
67 169
86 227
163 436
172 425
176 409
97 240
186 478
188 427
192 455
90 222
96 254
