99 7100
71 184
190 494
142 376
108 278
87 237
111 269
137 308
177 415
73 186
67 150
74 196
200 535
179 429
187 425
140 318
150 360
124 300
146 365
69 179
109 277
131 311
165 437
130 341
82 194
126 337
98 227
180 459
130 338
129 351
144 370
153 378
63 163
113 265
135 351
192 460
102 247
50 127
86 210
154 408
102 229
74 201
125 312
187 448
81 214
144 349
84 214
76 178
163 436
117 304
107 264
105 241
118 274
109 286
116 313
196 504
149 357
82 211
111 274
193 501
56 126
75 168
185 467
182 459
186 441
192 504
189 477
195 458
177 451
116 307
144 327
137 328
80 192
71 186
177 429
116 272
59 159
138 320
180 423
67 177
128 320
114 270
197 487
63 143
184 478
104 257
146 332
162 388
182 486
98 254
181 429
58 147
96 230
71 182
120 324
81 186
148 344
102 277
59 147
173 415
