87 7700
82 209
165 391
140 336
88 228
191 444
188 437
63 157
199 452
183 494
92 225
160 420
70 178
166 373
135 337
125 315
193 458
79 213
130 299
152 380
64 176
83 207
186 441
142 330
184 450
184 460
180 490
132 306
159 369
187 453
164 401
98 267
81 206
192 460
147 396
140 353
174 461
58 158
86 204
117 315
144 374
112 268
125 331
197 443
129 319
191 467
185 425
50 133
80 180
66 171
188 432
55 132
159 377
71 173
198 495
57 128
65 165
181 457
107 294
131 350
103 239
105 270
147 349
93 248
144 327
102 272
127 317
166 406
60 157
172 455
114 273
120 315
167 404
72 169
113 290
137 311
108 245
57 139
68 176
104 260
120 279
103 234
184 432
113 299
163 370
184 432
66 179
121 284
