85 4850
159 421
177 398
192 484
125 306
179 469
154 404
86 234
190 446
76 197
114 265
139 340
180 495
184 496
57 132
120 315
93 248
65 173
160 432
85 221
143 328
135 347
65 159
151 385
50 117
114 310
112 296
168 403
78 195
195 521
180 472
58 155
91 207
118 292
145 348
178 427
193 458
90 202
134 331
128 310
116 307
196 485
151 347
108 272
109 245
109 253
58 133
175 463
57 135
106 265
129 290
195 497
136 316
79 199
194 436
78 193
122 305
110 280
192 480
184 441
174 421
189 519
77 186
89 233
185 476
142 344
142 386
55 148
189 477
143 371
85 201
167 404
90 245
58 142
83 188
108 261
180 463
68 175
184 432
172 404
147 367
192 508
168 403
71 182
64 160
187 462
