99 6100
64 152
101 267
174 474
183 411
198 514
124 282
182 495
57 131
67 155
51 130
61 143
162 433
82 213
139 326
121 302
158 426
77 205
81 196
120 324
161 402
150 390
99 222
149 368
54 148
184 427
151 354
183 484
99 237
152 391
79 205
144 374
79 177
189 496
56 140
64 160
60 165
95 223
131 301
98 225
121 299
198 534
186 432
132 313
85 193
127 295
74 185
120 324
83 224
79 215
80 218
75 174
62 168
154 419
71 168
92 227
147 371
131 347
144 360
74 190
159 401
186 497
79 213
56 145
158 379
124 328
160 428
55 134
104 244
163 374
82 213
128 291
132 330
184 423
56 148
56 148
109 272
69 188
112 266
126 289
66 178
85 233
73 180
120 276
123 279
100 237
162 421
173 454
195 516
69 189
79 205
124 300
119 285
72 190
100 262
145 377
188 423
194 509
99 264
182 432
