instance avg_time avg_cost best_cost
C101_co_25,txt 0,004733 200,490204 200,205499
C102_co_25,txt 0,004400 157,274928 145,213252
C103_co_25,txt 0,006467 206,389182 204,405800
C104_co_25,txt 0,006900 199,347572 187,308535
C105_co_25,txt 0,005367 216,778727 211,040740
C106_co_25,txt 0,004933 221,430847 211,040740
C107_co_25,txt 0,006133 213,887857 211,040740
C108_co_25,txt 0,004200 158,565687 155,930633
C109_co_25,txt 0,004733 150,577736 140,844139
C201_co_25,txt 0,004733 225,654391 202,904762
C202_co_25,txt 0,004167 140,412853 129,635963
C203_co_25,txt 0,005133 159,390138 146,856490
C204_co_25,txt 0,005867 167,665672 146,322141
C205_co_25,txt 0,004700 199,542321 168,813208
C206_co_25,txt 0,004600 183,225506 171,729565
C207_co_25,txt 0,005267 132,022474 121,730993
C208_co_25,txt 0,005033 177,885946 163,466909
R101_co_25,txt 0,005233 242,906627 183,753963
R102_co_25,txt 0,003867 204,381484 202,361142
R103_co_25,txt 0,004833 224,473862 197,985582
R104_co_25,txt 0,004333 253,774386 239,514894
R105_co_25,txt 0,003833 208,848806 204,415521
R106_co_25,txt 0,005467 195,723833 186,738476
R107_co_25,txt 0,004533 264,101413 239,514894
R108_co_25,txt 0,005633 255,297740 253,719090
R109_co_25,txt 0,005033 285,124302 265,174323
R110_co_25,txt 0,004400 257,018124 239,799887
R111_co_25,txt 0,004933 258,556935 247,936466
R112_co_25,txt 0,004167 201,103854 186,085843
R201_co_25,txt 0,005867 341,341164 319,094749
R202_co_25,txt 0,004333 280,862491 258,403350
R203_co_25,txt 0,005267 200,497276 186,010007
R204_co_25,txt 0,006100 180,998958 154,567745
R205_co_25,txt 0,005400 247,547687 230,591111
R206_co_25,txt 0,004733 209,147448 196,136858
R207_co_25,txt 0,004933 223,636431 198,279198
R208_co_25,txt 0,004667 179,387118 164,016332
R209_co_25,txt 0,005167 252,627983 238,589846
R210_co_25,txt 0,005467 303,397498 279,626884
R211_co_25,txt 0,005100 145,243900 131,778098
RC101_co_25,txt 0,005433 374,597325 333,153187
RC102_co_25,txt 0,005900 316,488470 305,711942
RC103_co_25,txt 0,004133 248,301423 244,199598
RC104_co_25,txt 0,005533 325,518238 309,932164
RC105_co_25,txt 0,004700 310,491854 310,293151
RC106_co_25,txt 0,005667 284,874578 279,540470
RC107_co_25,txt 0,004500 337,474147 301,788402
RC108_co_25,txt 0,004767 295,382729 276,239334
RC201_co_25,txt 0,004967 288,614220 270,766864
RC202_co_25,txt 0,005200 328,320788 298,757172
RC203_co_25,txt 0,006067 252,240668 208,391726
RC204_co_25,txt 0,005600 178,096623 175,927135
RC205_co_25,txt 0,004433 313,622341 284,071523
RC206_co_25,txt 0,004600 255,119453 247,483414
RC207_co_25,txt 0,005233 285,821013 253,377579
RC208_co_25,txt 0,005233 222,498190 182,772697
C101_co_50,txt 0,031633 405,931926 390,426811
C102_co_50,txt 0,032767 382,934521 367,306886
C103_co_50,txt 0,036333 332,015397 318,095060
C104_co_50,txt 0,042467 347,370877 343,564063
C105_co_50,txt 0,036633 395,775675 357,587662
C106_co_50,txt 0,037267 342,388481 322,960146
C107_co_50,txt 0,037733 341,374508 329,277547
C108_co_50,txt 0,034467 345,231512 339,692171
C109_co_50,txt 0,044400 337,196953 329,804376
C201_co_50,txt 0,033967 303,180580 285,545075
C202_co_50,txt 0,036633 264,412529 228,424800
C203_co_50,txt 0,034200 287,095016 258,439793
C204_co_50,txt 0,046667 304,143899 275,158570
C205_co_50,txt 0,034500 282,974697 269,341418
C206_co_50,txt 0,030600 257,908838 235,574556
C207_co_50,txt 0,032967 312,030140 289,974515
C208_co_50,txt 0,033533 322,750358 291,148009
R101_co_50,txt 0,029333 483,337509 456,062346
R102_co_50,txt 0,033200 461,110412 429,676395
R103_co_50,txt 0,033667 366,729049 346,487071
R104_co_50,txt 0,041433 397,753944 379,273587
R105_co_50,txt 0,033467 453,074540 433,861790
R106_co_50,txt 0,036567 468,939896 452,714844
R107_co_50,txt 0,035933 414,152361 392,348284
R108_co_50,txt 0,038400 474,854874 463,780117
R109_co_50,txt 0,036433 523,035377 500,209398
R110_co_50,txt 0,034700 428,037067 407,213949
R111_co_50,txt 0,041633 379,163488 365,336417
R112_co_50,txt 0,032267 393,000066 378,250788
R201_co_50,txt 0,034100 435,177653 412,156209
R202_co_50,txt 0,035900 357,567226 323,108504
R203_co_50,txt 0,037867 343,320779 308,572502
R204_co_50,txt 0,039467 312,299510 297,787142
R205_co_50,txt 0,041533 379,042642 359,138641
R206_co_50,txt 0,049867 423,486989 393,168207
R207_co_50,txt 0,046333 357,398994 334,510746
R208_co_50,txt 0,049600 278,867781 264,944292
R209_co_50,txt 0,038800 386,344884 364,842365
R210_co_50,txt 0,040833 352,523916 322,208740
R211_co_50,txt 0,042167 369,037543 338,801233
RC101_co_50,txt 0,028800 703,710921 648,295518
RC102_co_50,txt 0,029867 625,469616 567,899356
RC103_co_50,txt 0,030967 493,670422 469,153076
RC104_co_50,txt 0,041233 612,786707 563,009672
RC105_co_50,txt 0,029500 616,742215 586,762305
RC106_co_50,txt 0,026533 628,306881 591,657640
RC107_co_50,txt 0,033633 643,387968 614,496388
RC108_co_50,txt 0,044467 553,586578 533,570233
RC201_co_50,txt 0,034133 634,373522 554,851653
RC202_co_50,txt 0,026700 491,907910 413,394409
RC203_co_50,txt 0,033100 476,264801 422,833022
RC204_co_50,txt 0,032767 411,484892 361,084077
RC205_co_50,txt 0,031933 516,719989 477,377359
RC206_co_50,txt 0,030967 516,948519 475,687445
RC207_co_50,txt 0,037900 408,068366 363,231208
RC208_co_50,txt 0,039167 268,818743 257,716732
C101_co_100,txt 0,323333 859,085340 822,403400
C102_co_100,txt 0,338300 1010,427878 963,454083
C103_co_100,txt 0,369467 889,898512 846,571455
C104_co_100,txt 0,366033 716,858772 696,821331
C105_co_100,txt 0,357433 1001,188025 972,957533
C106_co_100,txt 0,317967 925,713188 898,393665
C107_co_100,txt 0,365567 1033,727510 977,083729
C108_co_100,txt 0,383300 793,602109 783,974765
C109_co_100,txt 0,391500 817,903954 793,069739
C201_co_100,txt 0,381233 642,035015 598,767822
C202_co_100,txt 0,398667 550,280810 509,352886
C203_co_100,txt 0,417100 565,831971 509,778499
C204_co_100,txt 0,467067 560,027323 503,270706
C205_co_100,txt 0,409400 501,099449 474,877479
C206_co_100,txt 0,375133 662,716881 613,868759
C207_co_100,txt 0,360933 552,890456 466,576205
C208_co_100,txt 0,419867 590,591633 538,836920
R101_co_100,txt 0,317933 806,490320 776,542761
R102_co_100,txt 0,308133 752,741835 732,169552
R103_co_100,txt 0,340700 807,671500 775,130979
R104_co_100,txt 0,350867 701,516000 681,389241
R105_co_100,txt 0,326200 759,885446 733,052619
R106_co_100,txt 0,288767 723,490331 701,855429
R107_co_100,txt 0,367800 736,411158 699,096294
R108_co_100,txt 0,351567 569,080576 532,693465
R109_co_100,txt 0,354967 711,897915 676,481874
R110_co_100,txt 0,339267 696,970203 667,557121
R111_co_100,txt 0,317267 737,223563 710,030421
R112_co_100,txt 0,322800 726,520080 697,182388
R201_co_100,txt 0,370133 728,528414 696,750157
R202_co_100,txt 0,370567 649,077471 600,909758
R203_co_100,txt 0,468467 601,045053 563,213586
R204_co_100,txt 0,479800 428,781614 384,937879
R205_co_100,txt 0,406267 533,389060 480,353644
R206_co_100,txt 0,420967 574,066957 529,792746
R207_co_100,txt 0,532067 524,729314 486,558031
R208_co_100,txt 0,545300 395,232150 362,158580
R209_co_100,txt 0,383567 472,297241 445,732385
R210_co_100,txt 0,382933 599,014147 566,860380
R211_co_100,txt 0,415100 477,751326 445,608920
RC101_co_100,txt 0,296100 1044,147981 1002,434697
RC102_co_100,txt 0,300700 1000,604539 967,839130
RC103_co_100,txt 0,313700 1066,196364 1013,533580
RC104_co_100,txt 0,324900 898,248358 863,561384
RC105_co_100,txt 0,282533 1099,899070 1058,607934
RC106_co_100,txt 0,315500 853,659751 823,464697
RC107_co_100,txt 0,359000 835,720568 817,657480
RC108_co_100,txt 0,346567 982,314897 957,628045
RC201_co_100,txt 0,356733 771,039922 726,661822
RC202_co_100,txt 0,355033 655,639116 607,106198
RC203_co_100,txt 0,398367 735,968084 681,763699
RC204_co_100,txt 0,503200 531,886929 490,716502
RC205_co_100,txt 0,326500 819,116897 768,992971
RC206_co_100,txt 0,403633 627,318559 561,866883
RC207_co_100,txt 0,370700 670,046394 624,619589
RC208_co_100,txt 0,454000 549,070371 501,692175
